Neuron_1,Neuron_2,Neuron_3,Neuron_4,
0.01,0.01,0.01,0.01,
0.02,0.02,0.02,0.02,
0.03,0.03,0.03,0.03,
0.04,0.04,0.04,0.04,
0.04,0.04,0.04,0.04,
0.05,0.05,0.05,0.05,
0.06,0.06,0.06,0.06,
0.02,0.07,0.07,0.07,
0.02,0.07,0.07,0.08,
0.02,0.08,0.08,0.08,
0.03,0.09,0.09,0.09,
0.04,0.09,0.09,0.10,
0.05,0.10,0.10,0.11,
0.05,0.11,0.11,0.11,
0.06,0.11,0.11,0.12,
0.07,0.12,0.12,0.13,
0.07,0.12,0.12,0.14,
0.08,0.13,0.13,0.14,
0.08,0.13,0.13,0.15,
0.09,0.14,0.14,0.15,
0.09,0.14,0.14,0.16,
0.10,0.15,0.15,0.17,
0.10,0.15,0.15,0.17,
0.11,0.16,0.15,0.18,
0.11,0.16,0.16,0.18,
0.12,0.17,0.16,0.19,
0.12,0.17,0.17,0.19,
0.13,0.17,0.17,0.20,
0.13,0.18,0.17,0.20,
0.13,0.18,0.18,0.21,
0.14,0.19,0.18,0.21,
0.14,0.19,0.18,0.21,
0.15,0.19,0.18,0.22,
0.15,0.20,0.19,0.22,
0.15,0.20,0.19,0.23,
0.16,0.20,0.19,0.23,
0.16,0.20,0.19,0.23,
0.16,0.21,0.19,0.24,
0.17,0.21,0.20,0.24,
0.17,0.21,0.20,0.24,
0.17,0.22,0.20,0.25,
0.17,0.22,0.20,0.25,
0.18,0.22,0.20,0.25,
0.18,0.22,0.21,0.25,
0.18,0.23,0.21,0.26,
0.18,0.23,0.21,0.26,
0.19,0.23,0.21,0.26,
0.19,0.23,0.21,0.26,
0.19,0.23,0.21,0.27,
0.19,0.24,0.21,0.27,
0.19,0.24,0.21,0.27,
0.20,0.24,0.21,0.27,
0.20,0.24,0.21,0.28,
0.20,0.24,0.22,0.28,
0.20,0.25,0.22,0.28,
0.20,0.25,0.22,0.28,
0.20,0.25,0.22,0.28,
0.21,0.25,0.22,0.29,
0.21,0.25,0.22,0.29,
0.21,0.26,0.22,0.29,
0.21,0.26,0.22,0.29,
0.21,0.26,0.22,0.29,
0.21,0.26,0.22,0.29,
0.21,0.26,0.22,0.29,
0.21,0.26,0.22,0.30,
0.22,0.27,0.22,0.30,
0.22,0.27,0.22,0.30,
0.22,0.27,0.22,0.30,
0.22,0.27,0.22,0.30,
0.22,0.27,0.22,0.30,
0.22,0.27,0.22,0.30,
0.22,0.27,0.22,0.30,
0.22,0.28,0.22,0.31,
0.22,0.28,0.22,0.31,
0.22,0.28,0.22,0.31,
0.22,0.28,0.22,0.31,
0.22,0.28,0.22,0.31,
0.22,0.28,0.22,0.31,
0.22,0.28,0.22,0.31,
0.23,0.28,0.22,0.31,
0.23,0.29,0.22,0.31,
0.23,0.29,0.22,0.31,
0.23,0.29,0.22,0.32,
0.23,0.29,0.22,0.32,
0.23,0.29,0.22,0.32,
0.23,0.29,0.22,0.32,
0.23,0.29,0.22,0.32,
0.23,0.29,0.22,0.32,
0.23,0.30,0.22,0.32,
0.23,0.30,0.22,0.32,
0.23,0.30,0.22,0.32,
0.23,0.30,0.22,0.32,
0.23,0.30,0.22,0.32,
0.23,0.30,0.21,0.32,
0.23,0.30,0.21,0.32,
0.23,0.30,0.21,0.32,
0.23,0.31,0.21,0.32,
0.23,0.31,0.21,0.33,
0.23,0.31,0.21,0.33,
0.23,0.31,0.21,0.33,
0.23,0.31,0.21,0.33,
0.23,0.31,0.21,0.33,
0.23,0.31,0.21,0.33,
0.22,0.31,0.21,0.33,
0.22,0.31,0.21,0.33,
0.22,0.32,0.21,0.33,
0.22,0.32,0.21,0.33,
0.22,0.32,0.21,0.33,
0.22,0.32,0.21,0.33,
0.22,0.32,0.20,0.33,
0.22,0.32,0.20,0.33,
0.22,0.32,0.20,0.33,
0.22,0.32,0.20,0.33,
0.22,0.32,0.20,0.33,
0.22,0.33,0.20,0.34,
0.22,0.33,0.20,0.34,
0.22,0.33,0.20,0.34,
0.22,0.33,0.20,0.34,
0.22,0.33,0.20,0.34,
0.22,0.33,0.20,0.34,
0.21,0.33,0.20,0.34,
0.21,0.33,0.20,0.34,
0.21,0.34,0.19,0.34,
0.21,0.34,0.19,0.34,
0.21,0.34,0.19,0.34,
0.21,0.34,0.19,0.34,
0.21,0.34,0.19,0.34,
0.21,0.34,0.19,0.34,
0.21,0.34,0.19,0.34,
0.21,0.34,0.19,0.34,
0.21,0.34,0.19,0.35,
0.20,0.35,0.19,0.35,
0.20,0.35,0.19,0.35,
0.20,0.35,0.19,0.35,
0.20,0.35,0.18,0.35,
0.20,0.35,0.18,0.35,
0.20,0.35,0.18,0.35,
0.20,0.35,0.18,0.35,
0.20,0.35,0.18,0.35,
0.20,0.36,0.18,0.35,
0.19,0.36,0.18,0.35,
0.19,0.36,0.18,0.35,
0.19,0.36,0.18,0.36,
0.19,0.36,0.18,0.36,
0.19,0.36,0.17,0.36,
0.19,0.36,0.17,0.36,
0.19,0.36,0.17,0.36,
0.18,0.37,0.17,0.36,
0.18,0.37,0.17,0.36,
0.18,0.37,0.17,0.36,
0.18,0.37,0.17,0.36,
0.18,0.37,0.17,0.36,
0.18,0.37,0.16,0.36,
0.18,0.37,0.16,0.37,
0.17,0.37,0.16,0.37,
0.17,0.38,0.16,0.37,
0.17,0.38,0.16,0.37,
0.17,0.38,0.16,0.37,
0.17,0.38,0.16,0.37,
0.17,0.38,0.16,0.37,
0.17,0.38,0.15,0.37,
0.16,0.38,0.15,0.37,
0.16,0.39,0.15,0.38,
0.16,0.39,0.15,0.38,
0.16,0.39,0.15,0.38,
0.16,0.39,0.15,0.38,
0.15,0.39,0.15,0.38,
0.15,0.39,0.14,0.38,
0.15,0.39,0.14,0.38,
0.15,0.40,0.14,0.39,
0.15,0.40,0.14,0.39,
0.15,0.40,0.14,0.39,
0.14,0.40,0.14,0.39,
0.14,0.40,0.14,0.39,
0.14,0.40,0.13,0.39,
0.14,0.41,0.13,0.39,
0.14,0.41,0.13,0.40,
0.13,0.41,0.13,0.40,
0.13,0.41,0.13,0.40,
0.13,0.41,0.13,0.40,
0.13,0.41,0.12,0.40,
0.13,0.42,0.12,0.40,
0.12,0.42,0.12,0.41,
0.12,0.42,0.12,0.41,
0.12,0.42,0.12,0.41,
0.12,0.42,0.11,0.41,
0.11,0.42,0.11,0.41,
0.11,0.43,0.11,0.41,
0.11,0.43,0.11,0.42,
0.11,0.43,0.11,0.42,
0.11,0.43,0.10,0.42,
0.10,0.43,0.10,0.42,
0.10,0.44,0.10,0.42,
0.10,0.44,0.10,0.43,
0.10,0.44,0.10,0.43,
0.09,0.44,0.09,0.43,
0.09,0.44,0.09,0.43,
0.09,0.45,0.09,0.44,
0.09,0.45,0.09,0.44,
0.08,0.45,0.08,0.44,
0.08,0.45,0.08,0.44,
0.08,0.45,0.08,0.44,
0.08,0.46,0.08,0.45,
0.07,0.46,0.08,0.45,
0.07,0.46,0.07,0.45,
0.07,0.46,0.07,0.45,
0.07,0.47,0.07,0.46,
0.06,0.47,0.07,0.46,
0.06,0.47,0.06,0.46,
0.06,0.47,0.06,0.46,
0.05,0.48,0.06,0.47,
0.05,0.48,0.05,0.47,
0.05,0.48,0.05,0.47,
0.05,0.48,0.05,0.47,
0.04,0.49,0.05,0.48,
0.04,0.49,0.04,0.48,
0.04,0.49,0.04,0.48,
0.03,0.49,0.04,0.49,
0.03,0.50,0.03,0.49,
0.03,0.50,0.03,0.49,
0.02,0.50,0.03,0.49,
0.02,0.50,0.03,0.50,
0.02,0.51,0.02,0.50,
0.01,0.51,0.02,0.50,
0.01,0.51,0.02,0.51,
0.01,0.52,0.01,0.51,
0.00,0.52,0.01,0.51,
0.00,0.52,0.01,0.52,
0.00,0.53,0.00,0.52,
0.00,0.53,0.00,0.52,
0.00,0.53,0.00,0.53,
0.00,0.54,0.00,0.53,
0.00,0.54,0.00,0.53,
0.00,0.54,0.00,0.53,
0.00,0.54,0.00,0.54,
0.00,0.55,0.00,0.54,
0.00,0.55,0.00,0.54,
0.00,0.55,0.00,0.55,
0.00,0.56,0.00,0.55,
0.00,0.56,0.00,0.55,
0.00,0.56,0.00,0.56,
0.00,0.56,0.00,0.56,
0.00,0.57,0.00,0.56,
0.00,0.57,0.00,0.56,
0.00,0.57,0.00,0.57,
0.00,0.58,0.00,0.57,
0.00,0.58,0.00,0.57,
0.00,0.58,0.00,0.57,
0.00,0.58,0.00,0.58,
0.00,0.59,0.00,0.58,
0.00,0.59,0.00,0.58,
0.00,0.59,0.00,0.58,
0.00,0.59,0.00,0.59,
0.00,0.60,0.00,0.59,
0.00,0.60,0.00,0.59,
0.00,0.60,0.00,0.59,
0.00,0.60,0.00,0.60,
0.00,0.60,0.00,0.60,
0.00,0.61,0.00,0.60,
0.00,0.61,0.00,0.60,
0.00,0.61,0.00,0.61,
0.00,0.61,0.00,0.61,
0.00,0.61,0.00,0.61,
0.00,0.62,0.00,0.61,
0.00,0.62,0.00,0.61,
0.00,0.62,0.00,0.62,
0.00,0.62,0.00,0.62,
0.00,0.62,0.00,0.62,
0.00,0.63,0.00,0.62,
0.00,0.63,0.00,0.62,
0.00,0.63,0.00,0.63,
0.00,0.63,0.00,0.63,
0.00,0.63,0.00,0.63,
0.00,0.64,0.00,0.63,
0.00,0.64,0.00,0.63,
0.00,0.64,0.00,0.63,
0.00,0.64,0.00,0.64,
0.00,0.64,0.00,0.64,
0.00,0.64,0.00,0.64,
0.00,0.65,0.00,0.64,
0.00,0.65,0.00,0.64,
0.00,0.65,0.00,0.64,
0.00,0.65,0.00,0.65,
0.00,0.65,0.00,0.65,
0.00,0.65,0.00,0.65,
0.00,0.65,0.00,0.65,
0.00,0.66,0.00,0.65,
0.00,0.66,0.00,0.65,
0.00,0.66,0.00,0.65,
0.00,0.66,0.00,0.66,
0.00,0.66,0.00,0.66,
0.00,0.66,0.00,0.66,
0.00,0.66,0.00,0.66,
0.00,0.67,0.00,0.66,
0.00,0.67,0.00,0.66,
0.00,0.67,0.00,0.66,
0.00,0.67,0.00,0.66,
0.00,0.67,0.00,0.67,
0.00,0.67,0.00,0.67,
0.00,0.67,0.00,0.67,
0.00,0.67,0.00,0.67,
0.00,0.67,0.00,0.67,
0.00,0.68,0.00,0.67,
0.00,0.68,0.00,0.67,
0.00,0.68,0.00,0.67,
0.00,0.68,0.00,0.67,
0.00,0.68,0.00,0.68,
0.00,0.68,0.00,0.68,
0.00,0.68,0.00,0.68,
0.00,0.68,0.00,0.68,
0.00,0.68,0.00,0.68,
0.00,0.68,0.00,0.68,
0.00,0.69,0.00,0.68,
0.00,0.69,0.00,0.68,
0.00,0.69,0.00,0.68,
0.00,0.69,0.00,0.68,
0.00,0.69,0.00,0.68,
0.00,0.69,0.00,0.69,
0.00,0.69,0.00,0.69,
0.00,0.69,0.00,0.69,
0.00,0.69,0.00,0.69,
0.00,0.69,0.00,0.69,
0.00,0.69,0.00,0.69,
0.00,0.69,0.00,0.69,
0.00,0.69,0.00,0.69,
0.00,0.69,0.00,0.69,
0.00,0.70,0.00,0.69,
0.00,0.70,0.00,0.69,
0.00,0.70,0.00,0.69,
0.00,0.70,0.00,0.69,
0.00,0.70,0.00,0.69,
0.00,0.70,0.00,0.69,
0.00,0.70,0.00,0.70,
0.00,0.70,0.00,0.70,
0.00,0.70,0.00,0.70,
0.00,0.70,0.00,0.70,
0.00,0.70,0.00,0.70,
0.00,0.70,0.00,0.70,
0.00,0.70,0.00,0.70,
0.00,0.70,0.00,0.70,
0.00,0.70,0.00,0.70,
0.00,0.70,0.00,0.70,
0.00,0.70,0.00,0.70,
0.00,0.70,0.00,0.70,
0.00,0.70,0.00,0.70,
0.00,0.70,0.00,0.70,
0.00,0.70,0.00,0.70,
0.00,0.70,0.00,0.70,
0.00,0.70,0.00,0.70,
0.00,0.71,0.00,0.70,
0.00,0.71,0.00,0.70,
0.00,0.71,0.00,0.70,
0.00,0.71,0.00,0.70,
0.00,0.71,0.00,0.70,
0.00,0.71,0.00,0.70,
0.00,0.71,0.00,0.70,
0.00,0.71,0.00,0.70,
0.00,0.71,0.00,0.70,
0.00,0.71,0.00,0.70,
0.00,0.71,0.00,0.70,
0.00,0.71,0.00,0.70,
0.00,0.71,0.00,0.70,
0.00,0.71,0.00,0.70,
0.00,0.71,0.00,0.70,
0.00,0.71,0.00,0.70,
0.00,0.71,0.00,0.70,
0.00,0.71,0.00,0.70,
0.00,0.71,0.00,0.70,
0.00,0.71,0.00,0.70,
0.00,0.71,0.00,0.70,
0.00,0.71,0.00,0.70,
0.00,0.71,0.00,0.70,
0.00,0.71,0.00,0.70,
0.00,0.71,0.00,0.70,
0.00,0.71,0.00,0.70,
0.00,0.71,0.00,0.70,
0.00,0.71,0.00,0.70,
0.00,0.71,0.00,0.70,
0.00,0.71,0.00,0.70,
0.00,0.71,0.00,0.70,
0.00,0.71,0.00,0.70,
0.00,0.71,0.00,0.70,
0.00,0.71,0.00,0.70,
0.00,0.71,0.00,0.70,
0.00,0.71,0.00,0.70,
0.00,0.71,0.00,0.70,
0.00,0.71,0.00,0.70,
0.00,0.71,0.00,0.70,
0.00,0.71,0.00,0.70,
0.00,0.71,0.00,0.70,
0.00,0.71,0.00,0.70,
0.00,0.70,0.00,0.70,
0.00,0.70,0.00,0.70,
0.00,0.70,0.00,0.70,
0.00,0.70,0.00,0.70,
0.00,0.70,0.00,0.70,
0.00,0.70,0.00,0.70,
0.00,0.70,0.00,0.70,
0.00,0.70,0.00,0.70,
0.00,0.70,0.00,0.70,
0.00,0.70,0.00,0.70,
0.00,0.70,0.00,0.70,
0.00,0.70,0.00,0.70,
0.00,0.70,0.00,0.70,
0.00,0.70,0.00,0.70,
0.00,0.70,0.00,0.70,
0.00,0.70,0.00,0.70,
0.00,0.70,0.00,0.70,
0.00,0.70,0.00,0.70,
0.00,0.70,0.00,0.70,
0.00,0.70,0.00,0.70,
0.00,0.70,0.00,0.70,
0.00,0.70,0.00,0.70,
0.00,0.70,0.00,0.70,
0.00,0.70,0.00,0.70,
0.00,0.70,0.00,0.70,
0.00,0.70,0.00,0.69,
0.00,0.70,0.00,0.69,
0.00,0.70,0.00,0.69,
0.00,0.70,0.00,0.69,
0.00,0.70,0.00,0.69,
0.00,0.69,0.00,0.69,
0.00,0.69,0.00,0.69,
0.00,0.69,0.00,0.69,
0.00,0.69,0.00,0.69,
0.00,0.69,0.00,0.69,
0.00,0.69,0.00,0.69,
0.00,0.69,0.00,0.69,
0.00,0.69,0.00,0.69,
0.00,0.69,0.00,0.69,
0.00,0.69,0.00,0.69,
0.00,0.69,0.00,0.69,
0.00,0.69,0.00,0.69,
0.00,0.69,0.00,0.69,
0.00,0.69,0.00,0.69,
0.00,0.69,0.00,0.69,
0.00,0.69,0.00,0.69,
0.00,0.69,0.00,0.68,
0.00,0.69,0.00,0.68,
0.00,0.69,0.00,0.68,
0.00,0.69,0.00,0.68,
0.00,0.68,0.00,0.68,
0.00,0.68,0.00,0.68,
0.00,0.68,0.00,0.68,
0.00,0.68,0.00,0.68,
0.00,0.68,0.00,0.68,
0.00,0.68,0.00,0.68,
0.00,0.68,0.00,0.68,
0.00,0.68,0.00,0.68,
0.00,0.68,0.00,0.68,
0.00,0.68,0.00,0.68,
0.00,0.68,0.00,0.68,
0.00,0.68,0.00,0.68,
0.00,0.68,0.00,0.68,
0.00,0.68,0.00,0.68,
0.00,0.68,0.00,0.67,
0.00,0.68,0.00,0.67,
0.00,0.68,0.00,0.67,
0.00,0.67,0.00,0.67,
0.00,0.67,0.00,0.67,
0.00,0.67,0.00,0.67,
0.00,0.67,0.00,0.67,
0.00,0.67,0.00,0.67,
0.00,0.67,0.00,0.67,
0.00,0.67,0.00,0.67,
0.00,0.67,0.00,0.67,
0.00,0.67,0.00,0.67,
0.00,0.67,0.00,0.67,
0.00,0.67,0.00,0.67,
0.00,0.67,0.00,0.67,
0.00,0.67,0.00,0.67,
0.00,0.67,0.00,0.66,
0.00,0.67,0.00,0.66,
0.00,0.67,0.00,0.66,
0.00,0.66,0.00,0.66,
0.00,0.66,0.00,0.66,
0.00,0.66,0.00,0.66,
0.00,0.66,0.00,0.66,
0.00,0.66,0.00,0.66,
0.00,0.66,0.00,0.66,
0.00,0.66,0.00,0.66,
0.00,0.66,0.00,0.66,
0.00,0.66,0.00,0.66,
0.00,0.66,0.00,0.66,
0.00,0.66,0.00,0.66,
0.00,0.66,0.00,0.66,
0.00,0.66,0.00,0.65,
0.00,0.66,0.00,0.65,
0.00,0.65,0.00,0.65,
0.00,0.65,0.00,0.65,
0.00,0.65,0.00,0.65,
0.00,0.65,0.00,0.65,
0.00,0.65,0.00,0.65,
0.00,0.65,0.00,0.65,
0.00,0.65,0.00,0.65,
0.00,0.65,0.00,0.65,
0.00,0.65,0.00,0.65,
0.00,0.65,0.00,0.65,
0.00,0.65,0.00,0.65,
0.00,0.65,0.00,0.65,
0.00,0.65,0.00,0.64,
0.00,0.65,0.00,0.64,
0.00,0.64,0.00,0.64,
0.00,0.64,0.00,0.64,
0.00,0.64,0.00,0.64,
0.00,0.64,0.00,0.64,
0.00,0.64,0.00,0.64,
0.00,0.64,0.00,0.64,
0.00,0.64,0.00,0.64,
0.00,0.64,0.00,0.64,
0.00,0.64,0.00,0.64,
0.00,0.64,0.00,0.64,
0.00,0.64,0.00,0.64,
0.00,0.64,0.00,0.63,
0.00,0.64,0.00,0.63,
0.00,0.63,0.00,0.63,
0.00,0.63,0.00,0.63,
0.00,0.63,0.00,0.63,
0.00,0.63,0.00,0.63,
0.00,0.63,0.00,0.63,
0.00,0.63,0.00,0.63,
0.00,0.63,0.00,0.63,
0.00,0.63,0.00,0.63,
0.00,0.63,0.00,0.63,
0.00,0.63,0.00,0.63,
0.00,0.63,0.00,0.63,
0.00,0.63,0.00,0.62,
0.00,0.63,0.00,0.62,
0.00,0.62,0.00,0.62,
0.00,0.62,0.00,0.62,
0.00,0.62,0.00,0.62,
0.00,0.62,0.00,0.62,
0.00,0.62,0.00,0.62,
0.00,0.62,0.00,0.62,
0.00,0.62,0.00,0.62,
0.00,0.62,0.00,0.62,
0.00,0.62,0.00,0.62,
0.00,0.62,0.00,0.62,
0.00,0.62,0.00,0.62,
0.00,0.62,0.00,0.61,
0.00,0.62,0.00,0.61,
0.00,0.61,0.00,0.61,
0.00,0.61,0.00,0.61,
0.00,0.61,0.00,0.61,
0.00,0.61,0.00,0.61,
0.00,0.61,0.00,0.61,
0.00,0.61,0.00,0.61,
0.00,0.61,0.00,0.61,
0.00,0.61,0.00,0.61,
0.00,0.61,0.00,0.61,
0.00,0.61,0.00,0.61,
0.00,0.61,0.00,0.61,
0.00,0.61,0.00,0.60,
0.00,0.60,0.00,0.60,
0.00,0.60,0.00,0.60,
0.00,0.60,0.00,0.60,
0.00,0.60,0.00,0.60,
0.00,0.60,0.00,0.60,
0.00,0.60,0.00,0.60,
0.00,0.60,0.00,0.60,
0.00,0.60,0.00,0.60,
0.00,0.60,0.00,0.60,
0.00,0.60,0.00,0.60,
0.00,0.60,0.00,0.60,
0.00,0.60,0.00,0.60,
0.00,0.60,0.00,0.59,
0.00,0.59,0.00,0.59,
0.00,0.59,0.00,0.59,
0.00,0.59,0.00,0.59,
0.00,0.59,0.00,0.59,
0.00,0.59,0.00,0.59,
0.00,0.59,0.00,0.59,
0.00,0.59,0.00,0.59,
0.00,0.59,0.00,0.59,
0.00,0.59,0.00,0.59,
0.00,0.59,0.00,0.59,
0.00,0.59,0.00,0.59,
0.00,0.59,0.00,0.58,
0.00,0.58,0.00,0.58,
0.00,0.58,0.00,0.58,
0.00,0.58,0.00,0.58,
0.00,0.58,0.00,0.58,
0.00,0.58,0.00,0.58,
0.00,0.58,0.00,0.58,
0.00,0.58,0.00,0.58,
0.00,0.58,0.00,0.58,
0.00,0.58,0.00,0.58,
0.00,0.58,0.00,0.58,
0.00,0.58,0.00,0.58,
0.00,0.58,0.00,0.58,
0.00,0.58,0.00,0.57,
0.00,0.57,0.00,0.57,
0.00,0.57,0.00,0.57,
0.00,0.57,0.00,0.57,
0.00,0.57,0.00,0.57,
0.00,0.57,0.00,0.57,
0.00,0.57,0.00,0.57,
0.00,0.57,0.00,0.57,
0.00,0.57,0.00,0.57,
0.00,0.57,0.00,0.57,
0.00,0.57,0.00,0.57,
0.00,0.57,0.00,0.57,
0.00,0.57,0.00,0.57,
0.00,0.57,0.00,0.56,
0.00,0.56,0.00,0.56,
0.00,0.56,0.00,0.56,
0.00,0.56,0.00,0.56,
0.00,0.56,0.00,0.56,
0.00,0.56,0.00,0.56,
0.00,0.56,0.00,0.56,
0.00,0.56,0.00,0.56,
0.00,0.56,0.00,0.56,
0.00,0.56,0.00,0.56,
0.00,0.56,0.00,0.56,
0.00,0.56,0.00,0.56,
0.00,0.56,0.00,0.56,
0.00,0.56,0.00,0.55,
0.00,0.55,0.00,0.55,
0.00,0.55,0.00,0.55,
0.00,0.55,0.00,0.55,
0.00,0.55,0.00,0.55,
0.00,0.55,0.00,0.55,
0.00,0.55,0.00,0.55,
0.00,0.55,0.00,0.55,
0.00,0.55,0.00,0.55,
0.00,0.55,0.00,0.55,
0.00,0.55,0.00,0.55,
0.00,0.55,0.00,0.55,
0.00,0.55,0.00,0.55,
0.00,0.55,0.00,0.54,
0.00,0.54,0.00,0.54,
0.00,0.54,0.00,0.54,
0.00,0.54,0.00,0.54,
0.00,0.54,0.00,0.54,
0.00,0.54,0.00,0.54,
0.00,0.54,0.00,0.54,
0.00,0.54,0.00,0.54,
0.00,0.54,0.00,0.54,
0.00,0.54,0.00,0.54,
0.00,0.54,0.00,0.54,
0.00,0.54,0.00,0.54,
0.00,0.54,0.00,0.54,
0.00,0.54,0.00,0.53,
0.00,0.53,0.00,0.53,
0.00,0.53,0.00,0.53,
0.00,0.53,0.00,0.53,
0.00,0.53,0.00,0.53,
0.00,0.53,0.00,0.53,
0.00,0.53,0.00,0.53,
0.00,0.53,0.00,0.53,
0.00,0.53,0.00,0.53,
0.00,0.53,0.00,0.53,
0.00,0.53,0.00,0.53,
0.00,0.53,0.00,0.53,
0.00,0.53,0.00,0.53,
0.00,0.53,0.00,0.53,
0.00,0.53,0.00,0.52,
0.00,0.52,0.00,0.52,
0.00,0.52,0.00,0.52,
0.00,0.52,0.00,0.52,
0.00,0.52,0.00,0.52,
0.00,0.52,0.00,0.52,
0.00,0.52,0.00,0.52,
0.00,0.52,0.00,0.52,
0.00,0.52,0.00,0.52,
0.00,0.52,0.00,0.52,
0.00,0.52,0.00,0.52,
0.00,0.52,0.00,0.52,
0.00,0.52,0.00,0.52,
0.00,0.52,0.00,0.52,
0.00,0.52,0.00,0.51,
0.00,0.51,0.00,0.51,
0.00,0.51,0.00,0.51,
0.00,0.51,0.00,0.51,
0.00,0.51,0.00,0.51,
0.00,0.51,0.00,0.51,
0.00,0.51,0.00,0.51,
0.00,0.51,0.00,0.51,
0.00,0.51,0.00,0.51,
0.00,0.51,0.00,0.51,
0.00,0.51,0.00,0.51,
0.00,0.51,0.00,0.51,
0.00,0.51,0.00,0.51,
0.00,0.51,0.00,0.51,
0.00,0.51,0.00,0.50,
0.00,0.50,0.00,0.50,
0.00,0.50,0.00,0.50,
0.00,0.50,0.00,0.50,
0.00,0.50,0.00,0.50,
0.00,0.50,0.00,0.50,
0.00,0.50,0.00,0.50,
0.00,0.50,0.00,0.50,
0.00,0.50,0.00,0.50,
0.00,0.50,0.00,0.50,
0.00,0.50,0.00,0.50,
0.00,0.50,0.00,0.50,
0.00,0.50,0.00,0.50,
0.00,0.50,0.00,0.50,
0.00,0.50,0.00,0.50,
0.00,0.50,0.00,0.49,
0.00,0.49,0.00,0.49,
0.00,0.49,0.00,0.49,
0.00,0.49,0.00,0.49,
0.00,0.49,0.00,0.49,
0.00,0.49,0.00,0.49,
0.00,0.49,0.00,0.49,
0.00,0.49,0.00,0.49,
0.00,0.49,0.00,0.49,
0.00,0.49,0.00,0.49,
0.00,0.49,0.00,0.49,
0.00,0.49,0.00,0.49,
0.00,0.49,0.00,0.49,
0.00,0.49,0.00,0.49,
0.00,0.49,0.00,0.49,
0.00,0.49,0.00,0.48,
0.00,0.48,0.00,0.48,
0.00,0.48,0.00,0.48,
0.00,0.48,0.00,0.48,
0.00,0.48,0.00,0.48,
0.00,0.48,0.00,0.48,
0.00,0.48,0.00,0.48,
0.00,0.48,0.00,0.48,
0.00,0.48,0.00,0.48,
0.00,0.48,0.00,0.48,
0.00,0.48,0.00,0.48,
0.00,0.48,0.00,0.48,
0.00,0.48,0.00,0.48,
0.00,0.48,0.00,0.48,
0.00,0.48,0.00,0.48,
0.00,0.48,0.00,0.48,
0.00,0.47,0.00,0.47,
0.00,0.47,0.00,0.47,
0.00,0.47,0.00,0.47,
0.00,0.47,0.00,0.47,
0.00,0.47,0.00,0.47,
0.00,0.47,0.00,0.47,
0.00,0.47,0.00,0.47,
0.00,0.47,0.00,0.47,
0.00,0.47,0.00,0.47,
0.00,0.47,0.00,0.47,
0.00,0.47,0.00,0.47,
0.00,0.47,0.00,0.47,
0.00,0.47,0.00,0.47,
0.00,0.47,0.00,0.47,
0.00,0.47,0.00,0.47,
0.00,0.47,0.00,0.47,
0.00,0.47,0.00,0.46,
0.00,0.46,0.00,0.46,
0.00,0.46,0.00,0.46,
0.00,0.46,0.00,0.46,
0.00,0.46,0.00,0.46,
0.00,0.46,0.00,0.46,
0.00,0.46,0.00,0.46,
0.00,0.46,0.00,0.46,
0.00,0.46,0.00,0.46,
0.00,0.46,0.00,0.46,
0.00,0.46,0.00,0.46,
0.00,0.46,0.00,0.46,
0.00,0.46,0.00,0.46,
0.00,0.46,0.00,0.46,
0.00,0.46,0.00,0.46,
0.00,0.46,0.00,0.46,
0.00,0.46,0.00,0.46,
0.00,0.45,0.00,0.45,
0.00,0.45,0.00,0.45,
0.00,0.45,0.00,0.45,
0.00,0.45,0.00,0.45,
0.00,0.45,0.00,0.45,
0.00,0.45,0.00,0.45,
0.00,0.45,0.00,0.45,
0.00,0.45,0.00,0.45,
0.00,0.45,0.00,0.45,
0.00,0.45,0.00,0.45,
0.00,0.45,0.00,0.45,
0.00,0.45,0.00,0.45,
0.00,0.45,0.00,0.45,
0.00,0.45,0.00,0.45,
0.00,0.45,0.00,0.45,
0.00,0.45,0.00,0.45,
0.00,0.45,0.00,0.45,
0.00,0.45,0.00,0.45,
0.00,0.44,0.00,0.44,
0.00,0.44,0.00,0.44,
0.00,0.44,0.00,0.44,
0.00,0.44,0.00,0.44,
0.00,0.44,0.00,0.44,
0.00,0.44,0.00,0.44,
0.00,0.44,0.00,0.44,
0.00,0.44,0.00,0.44,
0.00,0.44,0.00,0.44,
0.00,0.44,0.00,0.44,
0.00,0.44,0.00,0.44,
0.00,0.44,0.00,0.44,
0.00,0.44,0.00,0.44,
0.00,0.44,0.00,0.44,
0.00,0.44,0.00,0.44,
0.00,0.44,0.00,0.44,
0.00,0.44,0.00,0.44,
0.00,0.44,0.00,0.44,
0.00,0.44,0.00,0.43,
0.00,0.43,0.00,0.43,
0.00,0.43,0.00,0.43,
0.00,0.43,0.00,0.43,
0.00,0.43,0.00,0.43,
0.00,0.43,0.00,0.43,
0.00,0.43,0.00,0.43,
0.00,0.43,0.00,0.43,
0.00,0.43,0.00,0.43,
0.00,0.43,0.00,0.43,
0.00,0.43,0.00,0.43,
0.00,0.43,0.00,0.43,
0.00,0.43,0.00,0.43,
0.00,0.43,0.00,0.43,
0.00,0.43,0.00,0.43,
0.00,0.43,0.00,0.43,
0.00,0.43,0.00,0.43,
0.00,0.43,0.00,0.43,
0.00,0.43,0.00,0.43,
0.00,0.43,0.00,0.43,
0.00,0.42,0.00,0.42,
0.00,0.42,0.00,0.42,
0.00,0.42,0.00,0.42,
0.00,0.42,0.00,0.42,
0.00,0.42,0.00,0.42,
0.00,0.42,0.00,0.42,
0.00,0.42,0.00,0.42,
0.00,0.42,0.00,0.42,
0.00,0.42,0.00,0.42,
0.00,0.42,0.00,0.42,
0.00,0.42,0.00,0.42,
0.00,0.42,0.00,0.42,
0.00,0.42,0.00,0.42,
0.00,0.42,0.00,0.42,
0.00,0.42,0.00,0.42,
0.00,0.42,0.00,0.42,
0.00,0.42,0.00,0.42,
0.00,0.42,0.00,0.42,
0.00,0.42,0.00,0.42,
0.00,0.42,0.00,0.42,
0.00,0.42,0.00,0.42,
0.00,0.41,0.00,0.41,
0.00,0.41,0.00,0.41,
0.00,0.41,0.00,0.41,
0.00,0.41,0.00,0.41,
0.00,0.41,0.00,0.41,
0.00,0.41,0.00,0.41,
0.00,0.41,0.00,0.41,
0.00,0.41,0.00,0.41,
0.00,0.41,0.00,0.41,
0.00,0.41,0.00,0.41,
0.00,0.41,0.00,0.41,
0.00,0.41,0.00,0.41,
0.00,0.41,0.00,0.41,
0.00,0.41,0.00,0.41,
0.00,0.41,0.00,0.41,
0.00,0.41,0.00,0.41,
0.00,0.41,0.00,0.41,
0.00,0.41,0.00,0.41,
0.00,0.41,0.00,0.41,
0.00,0.41,0.00,0.41,
0.00,0.41,0.00,0.41,
0.00,0.41,0.00,0.41,
0.00,0.40,0.00,0.40,
0.00,0.40,0.00,0.40,
0.00,0.40,0.00,0.40,
0.00,0.40,0.00,0.40,
0.00,0.40,0.00,0.40,
0.00,0.40,0.00,0.40,
0.00,0.40,0.00,0.40,
0.00,0.40,0.00,0.40,
0.00,0.40,0.00,0.40,
0.00,0.40,0.00,0.40,
0.00,0.40,0.00,0.40,
0.00,0.40,0.00,0.40,
0.00,0.40,0.00,0.40,
0.00,0.40,0.00,0.40,
0.00,0.40,0.00,0.40,
0.00,0.40,0.00,0.40,
0.00,0.40,0.00,0.40,
0.00,0.40,0.00,0.40,
0.00,0.40,0.00,0.40,
0.00,0.40,0.00,0.40,
0.00,0.40,0.00,0.40,
0.00,0.40,0.00,0.40,
0.00,0.40,0.00,0.40,
0.00,0.40,0.00,0.40,
0.00,0.39,0.00,0.39,
0.00,0.39,0.00,0.39,
0.00,0.39,0.00,0.39,
0.00,0.39,0.00,0.39,
0.00,0.39,0.00,0.39,
0.00,0.39,0.00,0.39,
0.00,0.39,0.00,0.39,
0.00,0.39,0.00,0.39,
0.00,0.39,0.00,0.39,
0.00,0.39,0.00,0.39,
0.00,0.39,0.00,0.39,
0.00,0.39,0.00,0.39,
0.00,0.39,0.00,0.39,
0.00,0.39,0.00,0.39,
0.00,0.39,0.00,0.39,
0.00,0.39,0.00,0.39,
0.00,0.39,0.00,0.39,
0.00,0.39,0.00,0.39,
0.00,0.39,0.00,0.39,
0.00,0.39,0.00,0.39,
0.00,0.39,0.00,0.39,
0.00,0.39,0.00,0.39,
0.00,0.39,0.00,0.39,
0.00,0.39,0.00,0.39,
0.00,0.39,0.00,0.39,
0.00,0.39,0.00,0.38,
0.00,0.38,0.00,0.38,
0.00,0.38,0.00,0.38,
0.00,0.38,0.00,0.38,
0.00,0.38,0.00,0.38,
0.00,0.38,0.00,0.38,
0.00,0.38,0.00,0.38,
0.00,0.38,0.00,0.38,
0.00,0.38,0.00,0.38,
0.00,0.38,0.00,0.38,
0.00,0.38,0.00,0.38,
0.00,0.38,0.00,0.38,
0.00,0.38,0.00,0.38,
0.00,0.38,0.00,0.38,
0.00,0.38,0.00,0.38,
0.00,0.38,0.00,0.38,
0.00,0.38,0.00,0.38,
0.00,0.38,0.00,0.38,
0.00,0.38,0.00,0.38,
0.00,0.38,0.00,0.38,
0.00,0.38,0.00,0.38,
0.00,0.38,0.00,0.38,
0.00,0.38,0.00,0.38,
0.00,0.38,0.00,0.38,
0.00,0.38,0.00,0.38,
0.00,0.38,0.00,0.38,
0.00,0.38,0.00,0.38,
0.00,0.38,0.00,0.38,
0.00,0.38,0.00,0.37,
0.00,0.37,0.00,0.37,
0.00,0.37,0.00,0.37,
0.00,0.37,0.00,0.37,
0.00,0.37,0.00,0.37,
0.00,0.37,0.00,0.37,
0.00,0.37,0.00,0.37,
0.00,0.37,0.00,0.37,
0.00,0.37,0.00,0.37,
0.00,0.37,0.00,0.37,
0.00,0.37,0.00,0.37,
0.00,0.37,0.00,0.37,
0.00,0.37,0.00,0.37,
0.00,0.37,0.00,0.37,
0.00,0.37,0.00,0.37,
0.00,0.37,0.00,0.37,
0.00,0.37,0.00,0.37,
0.00,0.37,0.00,0.37,
0.00,0.37,0.00,0.37,
0.00,0.37,0.00,0.37,
0.00,0.37,0.00,0.37,
0.00,0.37,0.00,0.37,
0.00,0.37,0.00,0.37,
0.00,0.37,0.00,0.37,
0.00,0.37,0.00,0.37,
0.00,0.37,0.00,0.37,
0.00,0.37,0.00,0.37,
0.00,0.37,0.00,0.37,
0.00,0.37,0.00,0.37,
0.00,0.37,0.00,0.37,
0.00,0.37,0.00,0.37,
0.00,0.37,0.00,0.37,
0.00,0.36,0.00,0.36,
0.00,0.36,0.00,0.36,
0.00,0.36,0.00,0.36,
0.00,0.36,0.00,0.36,
0.00,0.36,0.00,0.36,
0.00,0.36,0.00,0.36,
0.00,0.36,0.00,0.36,
0.00,0.36,0.00,0.36,
0.00,0.36,0.00,0.36,
0.00,0.36,0.00,0.36,
0.00,0.36,0.00,0.36,
0.00,0.36,0.00,0.36,
0.00,0.36,0.00,0.36,
0.00,0.36,0.00,0.36,
0.00,0.36,0.00,0.36,
0.00,0.36,0.00,0.36,
0.00,0.36,0.00,0.36,
0.00,0.36,0.00,0.36,
0.00,0.36,0.00,0.36,
0.00,0.36,0.00,0.36,
0.00,0.36,0.00,0.36,
0.00,0.36,0.00,0.36,
0.00,0.36,0.00,0.36,
0.00,0.36,0.00,0.36,
0.00,0.36,0.00,0.36,
0.00,0.36,0.00,0.36,
0.00,0.36,0.00,0.36,
0.00,0.36,0.00,0.36,
0.00,0.36,0.00,0.36,
0.00,0.36,0.00,0.36,
0.00,0.36,0.00,0.36,
0.00,0.36,0.00,0.36,
0.00,0.36,0.00,0.36,
0.00,0.36,0.00,0.36,
0.00,0.36,0.00,0.35,
0.00,0.35,0.00,0.35,
0.00,0.35,0.00,0.35,
0.00,0.35,0.00,0.35,
0.00,0.35,0.00,0.35,
0.00,0.35,0.00,0.35,
0.00,0.35,0.00,0.35,
0.00,0.35,0.00,0.35,
0.00,0.35,0.00,0.35,
0.00,0.35,0.00,0.35,
0.00,0.35,0.00,0.35,
0.00,0.35,0.00,0.35,
0.00,0.35,0.00,0.35,
0.00,0.35,0.00,0.35,
0.00,0.35,0.00,0.35,
0.00,0.35,0.00,0.35,
0.00,0.35,0.00,0.35,
0.00,0.35,0.00,0.35,
0.00,0.35,0.00,0.35,
0.00,0.35,0.00,0.35,
0.00,0.35,0.00,0.35,
0.00,0.35,0.00,0.35,
0.00,0.35,0.00,0.35,
0.00,0.35,0.00,0.35,
0.00,0.35,0.00,0.35,
0.00,0.35,0.00,0.35,
0.00,0.35,0.00,0.35,
0.00,0.35,0.00,0.35,
0.00,0.35,0.00,0.35,
0.00,0.35,0.00,0.35,
0.00,0.35,0.00,0.35,
0.00,0.35,0.00,0.35,
0.00,0.35,0.00,0.35,
0.00,0.35,0.00,0.35,
0.01,0.35,0.01,0.35,
0.01,0.35,0.01,0.35,
0.01,0.35,0.01,0.35,
0.01,0.34,0.01,0.34,
0.01,0.34,0.01,0.34,
0.01,0.34,0.01,0.34,
0.01,0.34,0.01,0.34,
0.01,0.34,0.01,0.34,
0.01,0.34,0.01,0.34,
0.01,0.34,0.01,0.34,
0.01,0.34,0.01,0.34,
0.02,0.34,0.02,0.34,
0.02,0.34,0.02,0.34,
0.02,0.34,0.02,0.34,
0.02,0.34,0.02,0.34,
0.02,0.34,0.02,0.34,
0.02,0.34,0.02,0.34,
0.02,0.34,0.02,0.34,
0.02,0.34,0.02,0.34,
0.02,0.34,0.02,0.34,
0.02,0.34,0.02,0.34,
0.03,0.33,0.03,0.33,
0.03,0.33,0.03,0.33,
0.03,0.33,0.03,0.33,
0.03,0.33,0.03,0.33,
0.03,0.33,0.03,0.33,
0.03,0.33,0.03,0.33,
0.03,0.33,0.03,0.33,
0.03,0.33,0.03,0.33,
0.03,0.33,0.03,0.33,
0.03,0.33,0.03,0.33,
0.04,0.33,0.04,0.33,
0.04,0.33,0.04,0.33,
0.04,0.32,0.04,0.32,
0.04,0.32,0.04,0.32,
0.04,0.32,0.04,0.32,
0.04,0.32,0.04,0.32,
0.04,0.32,0.04,0.32,
0.04,0.32,0.04,0.32,
0.04,0.32,0.04,0.32,
0.05,0.32,0.05,0.32,
0.05,0.32,0.05,0.32,
0.05,0.32,0.05,0.31,
0.05,0.31,0.05,0.31,
0.05,0.31,0.05,0.31,
0.05,0.31,0.05,0.31,
0.05,0.31,0.05,0.31,
0.05,0.31,0.05,0.31,
0.06,0.31,0.06,0.31,
0.06,0.31,0.06,0.31,
0.06,0.31,0.06,0.31,
0.06,0.30,0.06,0.30,
0.06,0.30,0.06,0.30,
0.06,0.30,0.06,0.30,
0.06,0.30,0.06,0.30,
0.07,0.30,0.07,0.30,
0.07,0.30,0.07,0.30,
0.07,0.30,0.07,0.30,
0.07,0.29,0.07,0.29,
0.07,0.29,0.07,0.29,
0.07,0.29,0.07,0.29,
0.07,0.29,0.07,0.29,
0.08,0.29,0.08,0.29,
0.08,0.29,0.08,0.29,
0.08,0.29,0.08,0.29,
0.08,0.28,0.08,0.28,
0.08,0.28,0.08,0.28,
0.08,0.28,0.08,0.28,
0.09,0.28,0.09,0.28,
0.09,0.28,0.09,0.28,
0.09,0.28,0.09,0.28,
0.09,0.27,0.09,0.27,
0.09,0.27,0.09,0.27,
0.09,0.27,0.09,0.27,
0.10,0.27,0.10,0.27,
0.10,0.27,0.10,0.27,
0.10,0.27,0.10,0.26,
0.10,0.26,0.10,0.26,
0.10,0.26,0.10,0.26,
0.11,0.26,0.11,0.26,
0.11,0.26,0.11,0.26,
0.11,0.26,0.11,0.26,
0.11,0.25,0.11,0.25,
0.11,0.25,0.11,0.25,
0.12,0.25,0.12,0.25,
0.12,0.25,0.12,0.25,
0.12,0.25,0.12,0.24,
0.12,0.24,0.12,0.24,
0.12,0.24,0.12,0.24,
0.13,0.24,0.13,0.24,
0.13,0.24,0.13,0.24,
0.13,0.23,0.13,0.23,
0.13,0.23,0.13,0.23,
0.14,0.23,0.14,0.23,
0.14,0.23,0.14,0.23,
0.14,0.22,0.14,0.22,
0.14,0.22,0.14,0.22,
0.15,0.22,0.14,0.22,
0.15,0.22,0.15,0.22,
0.15,0.21,0.15,0.21,
0.15,0.21,0.15,0.21,
0.16,0.21,0.16,0.21,
0.16,0.21,0.16,0.21,
0.16,0.20,0.16,0.20,
0.16,0.20,0.16,0.20,
0.17,0.20,0.17,0.20,
0.17,0.20,0.17,0.20,
0.17,0.19,0.17,0.19,
0.17,0.19,0.17,0.19,
0.18,0.19,0.18,0.19,
0.18,0.18,0.18,0.18,
0.18,0.18,0.18,0.18,
0.19,0.18,0.19,0.18,
0.19,0.18,0.19,0.17,
0.19,0.17,0.19,0.17,
0.20,0.17,0.20,0.17,
0.20,0.17,0.20,0.17,
0.20,0.16,0.20,0.16,
0.20,0.16,0.20,0.16,
0.21,0.16,0.21,0.16,
0.21,0.15,0.21,0.15,
0.21,0.15,0.21,0.15,
0.22,0.15,0.22,0.15,
0.22,0.14,0.22,0.14,
0.23,0.14,0.23,0.14,
0.23,0.13,0.23,0.13,
0.23,0.13,0.23,0.13,
0.24,0.13,0.24,0.13,
0.24,0.12,0.24,0.12,
0.24,0.12,0.24,0.12,
0.25,0.12,0.25,0.12,
0.25,0.11,0.25,0.11,
0.26,0.11,0.26,0.11,
0.26,0.10,0.26,0.10,
0.26,0.10,0.26,0.10,
0.27,0.10,0.27,0.10,
0.27,0.09,0.27,0.09,
0.28,0.09,0.28,0.09,
0.28,0.08,0.28,0.08,
0.28,0.08,0.28,0.08,
0.29,0.07,0.29,0.07,
0.29,0.07,0.29,0.07,
0.30,0.07,0.30,0.07,
0.30,0.06,0.30,0.06,
0.31,0.06,0.31,0.06,
0.31,0.05,0.31,0.05,
0.32,0.05,0.32,0.05,
0.32,0.04,0.32,0.04,
0.33,0.04,0.33,0.04,
0.33,0.03,0.33,0.03,
0.34,0.03,0.34,0.03,
0.34,0.02,0.34,0.02,
0.35,0.02,0.35,0.02,
0.35,0.01,0.35,0.01,
0.36,0.01,0.36,0.01,
0.36,0.00,0.36,0.00,
0.37,0.00,0.37,0.00,
0.37,0.00,0.37,0.00,
0.38,0.00,0.38,0.00,
0.38,0.00,0.38,0.00,
0.39,0.00,0.39,0.00,
0.39,0.00,0.39,0.00,
0.40,0.00,0.40,0.00,
0.40,0.00,0.40,0.00,
0.41,0.00,0.41,0.00,
0.41,0.00,0.41,0.00,
0.42,0.00,0.42,0.00,
0.42,0.00,0.42,0.00,
0.43,0.00,0.43,0.00,
0.43,0.00,0.43,0.00,
0.44,0.00,0.44,0.00,
0.44,0.00,0.44,0.00,
0.45,0.00,0.45,0.00,
0.45,0.00,0.45,0.00,
0.45,0.00,0.45,0.00,
0.46,0.00,0.46,0.00,
0.46,0.00,0.46,0.00,
0.47,0.00,0.47,0.00,
0.47,0.00,0.47,0.00,
0.48,0.00,0.48,0.00,
0.48,0.00,0.48,0.00,
0.48,0.00,0.48,0.00,
0.49,0.00,0.49,0.00,
0.49,0.00,0.49,0.00,
0.50,0.00,0.50,0.00,
0.50,0.00,0.50,0.00,
0.50,0.00,0.50,0.00,
0.51,0.00,0.51,0.00,
0.51,0.00,0.51,0.00,
0.51,0.00,0.51,0.00,
0.52,0.00,0.52,0.00,
0.52,0.00,0.52,0.00,
0.53,0.00,0.53,0.00,
0.53,0.00,0.53,0.00,
0.53,0.00,0.53,0.00,
0.54,0.00,0.54,0.00,
0.54,0.00,0.54,0.00,
0.54,0.00,0.54,0.00,
0.55,0.00,0.55,0.00,
0.55,0.00,0.55,0.00,
0.55,0.00,0.55,0.00,
0.56,0.00,0.56,0.00,
0.56,0.00,0.56,0.00,
0.56,0.00,0.56,0.00,
0.57,0.00,0.57,0.00,
0.57,0.00,0.57,0.00,
0.57,0.00,0.57,0.00,
0.57,0.00,0.57,0.00,
0.58,0.00,0.58,0.00,
0.58,0.00,0.58,0.00,
0.58,0.00,0.58,0.00,
0.59,0.00,0.59,0.00,
0.59,0.00,0.59,0.00,
0.59,0.00,0.59,0.00,
0.59,0.00,0.59,0.00,
0.60,0.00,0.60,0.00,
0.60,0.00,0.60,0.00,
0.60,0.00,0.60,0.00,
0.61,0.00,0.60,0.00,
0.61,0.00,0.61,0.00,
0.61,0.00,0.61,0.00,
0.61,0.00,0.61,0.00,
0.62,0.00,0.61,0.00,
0.62,0.00,0.62,0.00,
0.62,0.00,0.62,0.00,
0.62,0.00,0.62,0.00,
0.62,0.00,0.62,0.00,
0.63,0.00,0.63,0.00,
0.63,0.00,0.63,0.00,
0.63,0.00,0.63,0.00,
0.63,0.00,0.63,0.00,
0.64,0.00,0.64,0.00,
0.64,0.00,0.64,0.00,
0.64,0.00,0.64,0.00,
0.64,0.00,0.64,0.00,
0.64,0.00,0.64,0.00,
0.65,0.00,0.65,0.00,
0.65,0.00,0.65,0.00,
0.65,0.00,0.65,0.00,
0.65,0.00,0.65,0.00,
0.65,0.00,0.65,0.00,
0.66,0.00,0.66,0.00,
0.66,0.00,0.66,0.00,
0.66,0.00,0.66,0.00,
0.66,0.00,0.66,0.00,
0.66,0.00,0.66,0.00,
0.66,0.00,0.66,0.00,
0.67,0.00,0.67,0.00,
0.67,0.00,0.67,0.00,
0.67,0.00,0.67,0.00,
0.67,0.00,0.67,0.00,
0.67,0.00,0.67,0.00,
0.67,0.00,0.67,0.00,
0.68,0.00,0.68,0.00,
0.68,0.00,0.68,0.00,
0.68,0.00,0.68,0.00,
0.68,0.00,0.68,0.00,
0.68,0.00,0.68,0.00,
0.68,0.00,0.68,0.00,
0.68,0.00,0.68,0.00,
0.69,0.00,0.69,0.00,
0.69,0.00,0.69,0.00,
0.69,0.00,0.69,0.00,
0.69,0.00,0.69,0.00,
0.69,0.00,0.69,0.00,
0.69,0.00,0.69,0.00,
0.69,0.00,0.69,0.00,
0.69,0.00,0.69,0.00,
0.70,0.00,0.70,0.00,
0.70,0.00,0.70,0.00,
0.70,0.00,0.70,0.00,
0.70,0.00,0.70,0.00,
0.70,0.00,0.70,0.00,
0.70,0.00,0.70,0.00,
0.70,0.00,0.70,0.00,
0.70,0.00,0.70,0.00,
0.70,0.00,0.70,0.00,
0.70,0.00,0.70,0.00,
0.71,0.00,0.71,0.00,
0.71,0.00,0.71,0.00,
0.71,0.00,0.71,0.00,
0.71,0.00,0.71,0.00,
0.71,0.00,0.71,0.00,
0.71,0.00,0.71,0.00,
0.71,0.00,0.71,0.00,
0.71,0.00,0.71,0.00,
0.71,0.00,0.71,0.00,
0.71,0.00,0.71,0.00,
0.71,0.00,0.71,0.00,
0.71,0.00,0.71,0.00,
0.72,0.00,0.72,0.00,
0.72,0.00,0.72,0.00,
0.72,0.00,0.72,0.00,
0.72,0.00,0.72,0.00,
0.72,0.00,0.72,0.00,
0.72,0.00,0.72,0.00,
0.72,0.00,0.72,0.00,
0.72,0.00,0.72,0.00,
0.72,0.00,0.72,0.00,
0.72,0.00,0.72,0.00,
0.72,0.00,0.72,0.00,
0.72,0.00,0.72,0.00,
0.72,0.00,0.72,0.00,
0.72,0.00,0.72,0.00,
0.72,0.00,0.72,0.00,
0.72,0.00,0.72,0.00,
0.72,0.00,0.72,0.00,
0.73,0.00,0.72,0.00,
0.73,0.00,0.73,0.00,
0.73,0.00,0.73,0.00,
0.73,0.00,0.73,0.00,
0.73,0.00,0.73,0.00,
0.73,0.00,0.73,0.00,
0.73,0.00,0.73,0.00,
0.73,0.00,0.73,0.00,
0.73,0.00,0.73,0.00,
0.73,0.00,0.73,0.00,
0.73,0.00,0.73,0.00,
0.73,0.00,0.73,0.00,
0.73,0.00,0.73,0.00,
0.73,0.00,0.73,0.00,
0.73,0.00,0.73,0.00,
0.73,0.00,0.73,0.00,
0.73,0.00,0.73,0.00,
0.73,0.00,0.73,0.00,
0.73,0.00,0.73,0.00,
0.73,0.00,0.73,0.00,
0.73,0.00,0.73,0.00,
0.73,0.00,0.73,0.00,
0.73,0.00,0.73,0.00,
0.73,0.00,0.73,0.00,
0.73,0.00,0.73,0.00,
0.73,0.00,0.73,0.00,
0.73,0.00,0.73,0.00,
0.73,0.00,0.73,0.00,
0.73,0.00,0.73,0.00,
0.73,0.00,0.73,0.00,
0.73,0.00,0.73,0.00,
0.73,0.00,0.73,0.00,
0.73,0.00,0.73,0.00,
0.73,0.00,0.73,0.00,
0.73,0.00,0.73,0.00,
0.73,0.00,0.73,0.00,
0.73,0.00,0.73,0.00,
0.73,0.00,0.73,0.00,
0.73,0.00,0.73,0.00,
0.73,0.00,0.73,0.00,
0.73,0.00,0.73,0.00,
0.73,0.00,0.73,0.00,
0.73,0.00,0.73,0.00,
0.73,0.00,0.73,0.00,
0.73,0.00,0.73,0.00,
0.73,0.00,0.73,0.00,
0.73,0.00,0.73,0.00,
0.73,0.00,0.73,0.00,
0.73,0.00,0.73,0.00,
0.73,0.00,0.73,0.00,
0.73,0.00,0.73,0.00,
0.73,0.00,0.73,0.00,
0.73,0.00,0.73,0.00,
0.73,0.00,0.73,0.00,
0.73,0.00,0.73,0.00,
0.73,0.00,0.73,0.00,
0.73,0.00,0.73,0.00,
0.73,0.00,0.73,0.00,
0.73,0.00,0.73,0.00,
0.73,0.00,0.73,0.00,
0.73,0.00,0.73,0.00,
0.73,0.00,0.73,0.00,
0.73,0.00,0.73,0.00,
0.73,0.00,0.72,0.00,
0.72,0.00,0.72,0.00,
0.72,0.00,0.72,0.00,
0.72,0.00,0.72,0.00,
0.72,0.00,0.72,0.00,
0.72,0.00,0.72,0.00,
0.72,0.00,0.72,0.00,
0.72,0.00,0.72,0.00,
0.72,0.00,0.72,0.00,
0.72,0.00,0.72,0.00,
0.72,0.00,0.72,0.00,
0.72,0.00,0.72,0.00,
0.72,0.00,0.72,0.00,
0.72,0.00,0.72,0.00,
0.72,0.00,0.72,0.00,
0.72,0.00,0.72,0.00,
0.72,0.00,0.72,0.00,
0.72,0.00,0.72,0.00,
0.72,0.00,0.72,0.00,
0.72,0.00,0.72,0.00,
0.72,0.00,0.72,0.00,
0.72,0.00,0.72,0.00,
0.72,0.00,0.72,0.00,
0.72,0.00,0.72,0.00,
0.72,0.00,0.71,0.00,
0.71,0.00,0.71,0.00,
0.71,0.00,0.71,0.00,
0.71,0.00,0.71,0.00,
0.71,0.00,0.71,0.00,
0.71,0.00,0.71,0.00,
0.71,0.00,0.71,0.00,
0.71,0.00,0.71,0.00,
0.71,0.00,0.71,0.00,
0.71,0.00,0.71,0.00,
0.71,0.00,0.71,0.00,
0.71,0.00,0.71,0.00,
0.71,0.00,0.71,0.00,
0.71,0.00,0.71,0.00,
0.71,0.00,0.71,0.00,
0.71,0.00,0.71,0.00,
0.71,0.00,0.71,0.00,
0.71,0.00,0.71,0.00,
0.71,0.00,0.70,0.00,
0.70,0.00,0.70,0.00,
0.70,0.00,0.70,0.00,
0.70,0.00,0.70,0.00,
0.70,0.00,0.70,0.00,
0.70,0.00,0.70,0.00,
0.70,0.00,0.70,0.00,
0.70,0.00,0.70,0.00,
0.70,0.00,0.70,0.00,
0.70,0.00,0.70,0.00,
0.70,0.00,0.70,0.00,
0.70,0.00,0.70,0.00,
0.70,0.00,0.70,0.00,
0.70,0.00,0.70,0.00,
0.70,0.00,0.70,0.00,
0.70,0.00,0.70,0.00,
0.69,0.00,0.69,0.00,
0.69,0.00,0.69,0.00,
0.69,0.00,0.69,0.00,
0.69,0.00,0.69,0.00,
0.69,0.00,0.69,0.00,
0.69,0.00,0.69,0.00,
0.69,0.00,0.69,0.00,
0.69,0.00,0.69,0.00,
0.69,0.00,0.69,0.00,
0.69,0.00,0.69,0.00,
0.69,0.00,0.69,0.00,
0.69,0.00,0.69,0.00,
0.69,0.00,0.69,0.00,
0.69,0.00,0.69,0.00,
0.69,0.00,0.68,0.00,
0.68,0.00,0.68,0.00,
0.68,0.00,0.68,0.00,
0.68,0.00,0.68,0.00,
0.68,0.00,0.68,0.00,
0.68,0.00,0.68,0.00,
0.68,0.00,0.68,0.00,
0.68,0.00,0.68,0.00,
0.68,0.00,0.68,0.00,
0.68,0.00,0.68,0.00,
0.68,0.00,0.68,0.00,
0.68,0.00,0.68,0.00,
0.68,0.00,0.68,0.00,
0.68,0.00,0.68,0.00,
0.67,0.00,0.67,0.00,
0.67,0.00,0.67,0.00,
0.67,0.00,0.67,0.00,
0.67,0.00,0.67,0.00,
0.67,0.00,0.67,0.00,
0.67,0.00,0.67,0.00,
0.67,0.00,0.67,0.00,
0.67,0.00,0.67,0.00,
0.67,0.00,0.67,0.00,
0.67,0.00,0.67,0.00,
0.67,0.00,0.67,0.00,
0.67,0.00,0.67,0.00,
0.67,0.00,0.67,0.00,
0.66,0.00,0.66,0.00,
0.66,0.00,0.66,0.00,
0.66,0.00,0.66,0.00,
0.66,0.00,0.66,0.00,
0.66,0.00,0.66,0.00,
0.66,0.00,0.66,0.00,
0.66,0.00,0.66,0.00,
0.66,0.00,0.66,0.00,
0.66,0.00,0.66,0.00,
0.66,0.00,0.66,0.00,
0.66,0.00,0.66,0.00,
0.66,0.00,0.66,0.00,
0.66,0.00,0.66,0.00,
0.65,0.00,0.65,0.00,
0.65,0.00,0.65,0.00,
0.65,0.00,0.65,0.00,
0.65,0.00,0.65,0.00,
0.65,0.00,0.65,0.00,
0.65,0.00,0.65,0.00,
0.65,0.00,0.65,0.00,
0.65,0.00,0.65,0.00,
0.65,0.00,0.65,0.00,
0.65,0.00,0.65,0.00,
0.65,0.00,0.65,0.00,
0.65,0.00,0.65,0.00,
0.64,0.00,0.64,0.00,
0.64,0.00,0.64,0.00,
0.64,0.00,0.64,0.00,
0.64,0.00,0.64,0.00,
0.64,0.00,0.64,0.00,
0.64,0.00,0.64,0.00,
0.64,0.00,0.64,0.00,
0.64,0.00,0.64,0.00,
0.64,0.00,0.64,0.00,
0.64,0.00,0.64,0.00,
0.64,0.00,0.64,0.00,
0.64,0.00,0.64,0.00,
0.63,0.00,0.63,0.00,
0.63,0.00,0.63,0.00,
0.63,0.00,0.63,0.00,
0.63,0.00,0.63,0.00,
0.63,0.00,0.63,0.00,
0.63,0.00,0.63,0.00,
0.63,0.00,0.63,0.00,
0.63,0.00,0.63,0.00,
0.63,0.00,0.63,0.00,
0.63,0.00,0.63,0.00,
0.63,0.00,0.63,0.00,
0.63,0.00,0.63,0.00,
0.62,0.00,0.62,0.00,
0.62,0.00,0.62,0.00,
0.62,0.00,0.62,0.00,
0.62,0.00,0.62,0.00,
0.62,0.00,0.62,0.00,
0.62,0.00,0.62,0.00,
0.62,0.00,0.62,0.00,
0.62,0.00,0.62,0.00,
0.62,0.00,0.62,0.00,
0.62,0.00,0.62,0.00,
0.62,0.00,0.62,0.00,
0.62,0.00,0.62,0.00,
0.61,0.00,0.61,0.00,
0.61,0.00,0.61,0.00,
0.61,0.00,0.61,0.00,
0.61,0.00,0.61,0.00,
0.61,0.00,0.61,0.00,
0.61,0.00,0.61,0.00,
0.61,0.00,0.61,0.00,
0.61,0.00,0.61,0.00,
0.61,0.00,0.61,0.00,
0.61,0.00,0.61,0.00,
0.61,0.00,0.61,0.00,
0.61,0.00,0.61,0.00,
0.60,0.00,0.60,0.00,
0.60,0.00,0.60,0.00,
0.60,0.00,0.60,0.00,
0.60,0.00,0.60,0.00,
0.60,0.00,0.60,0.00,
0.60,0.00,0.60,0.00,
0.60,0.00,0.60,0.00,
0.60,0.00,0.60,0.00,
0.60,0.00,0.60,0.00,
0.60,0.00,0.60,0.00,
0.60,0.00,0.60,0.00,
0.60,0.00,0.60,0.00,
0.59,0.00,0.59,0.00,
0.59,0.00,0.59,0.00,
0.59,0.00,0.59,0.00,
0.59,0.00,0.59,0.00,
0.59,0.00,0.59,0.00,
0.59,0.00,0.59,0.00,
0.59,0.00,0.59,0.00,
0.59,0.00,0.59,0.00,
0.59,0.00,0.59,0.00,
0.59,0.00,0.59,0.00,
0.59,0.00,0.59,0.00,
0.59,0.00,0.59,0.00,
0.58,0.00,0.58,0.00,
0.58,0.00,0.58,0.00,
0.58,0.00,0.58,0.00,
0.58,0.00,0.58,0.00,
0.58,0.00,0.58,0.00,
0.58,0.00,0.58,0.00,
0.58,0.00,0.58,0.00,
0.58,0.00,0.58,0.00,
0.58,0.00,0.58,0.00,
0.58,0.00,0.58,0.00,
0.58,0.00,0.58,0.00,
0.58,0.00,0.58,0.00,
0.57,0.00,0.57,0.00,
0.57,0.00,0.57,0.00,
0.57,0.00,0.57,0.00,
0.57,0.00,0.57,0.00,
0.57,0.00,0.57,0.00,
0.57,0.00,0.57,0.00,
0.57,0.00,0.57,0.00,
0.57,0.00,0.57,0.00,
0.57,0.00,0.57,0.00,
0.57,0.00,0.57,0.00,
0.57,0.00,0.57,0.00,
0.57,0.00,0.57,0.00,
0.57,0.00,0.56,0.00,
0.56,0.00,0.56,0.00,
0.56,0.00,0.56,0.00,
0.56,0.00,0.56,0.00,
0.56,0.00,0.56,0.00,
0.56,0.00,0.56,0.00,
0.56,0.00,0.56,0.00,
0.56,0.00,0.56,0.00,
0.56,0.00,0.56,0.00,
0.56,0.00,0.56,0.00,
0.56,0.00,0.56,0.00,
0.56,0.00,0.56,0.00,
0.56,0.00,0.56,0.00,
0.55,0.00,0.55,0.00,
0.55,0.00,0.55,0.00,
0.55,0.00,0.55,0.00,
0.55,0.00,0.55,0.00,
0.55,0.00,0.55,0.00,
0.55,0.00,0.55,0.00,
0.55,0.00,0.55,0.00,
0.55,0.00,0.55,0.00,
0.55,0.00,0.55,0.00,
0.55,0.00,0.55,0.00,
0.55,0.00,0.55,0.00,
0.55,0.00,0.55,0.00,
0.55,0.00,0.55,0.00,
0.54,0.00,0.54,0.00,
0.54,0.00,0.54,0.00,
0.54,0.00,0.54,0.00,
0.54,0.00,0.54,0.00,
0.54,0.00,0.54,0.00,
0.54,0.00,0.54,0.00,
0.54,0.00,0.54,0.00,
0.54,0.00,0.54,0.00,
0.54,0.00,0.54,0.00,
0.54,0.00,0.54,0.00,
0.54,0.00,0.54,0.00,
0.54,0.00,0.54,0.00,
0.54,0.00,0.54,0.00,
0.53,0.00,0.53,0.00,
0.53,0.00,0.53,0.00,
0.53,0.00,0.53,0.00,
0.53,0.00,0.53,0.00,
0.53,0.00,0.53,0.00,
0.53,0.00,0.53,0.00,
0.53,0.00,0.53,0.00,
0.53,0.00,0.53,0.00,
0.53,0.00,0.53,0.00,
0.53,0.00,0.53,0.00,
0.53,0.00,0.53,0.00,
0.53,0.00,0.53,0.00,
0.53,0.00,0.53,0.00,
0.52,0.00,0.52,0.00,
0.52,0.00,0.52,0.00,
0.52,0.00,0.52,0.00,
0.52,0.00,0.52,0.00,
0.52,0.00,0.52,0.00,
0.52,0.00,0.52,0.00,
0.52,0.00,0.52,0.00,
0.52,0.00,0.52,0.00,
0.52,0.00,0.52,0.00,
0.52,0.00,0.52,0.00,
0.52,0.00,0.52,0.00,
0.52,0.00,0.52,0.00,
0.52,0.00,0.52,0.00,
0.52,0.00,0.51,0.00,
0.51,0.00,0.51,0.00,
0.51,0.00,0.51,0.00,
0.51,0.00,0.51,0.00,
0.51,0.00,0.51,0.00,
0.51,0.00,0.51,0.00,
0.51,0.00,0.51,0.00,
0.51,0.00,0.51,0.00,
0.51,0.00,0.51,0.00,
0.51,0.00,0.51,0.00,
0.51,0.00,0.51,0.00,
0.51,0.00,0.51,0.00,
0.51,0.00,0.51,0.00,
0.51,0.00,0.51,0.00,
0.51,0.00,0.50,0.00,
0.50,0.00,0.50,0.00,
0.50,0.00,0.50,0.00,
0.50,0.00,0.50,0.00,
0.50,0.00,0.50,0.00,
0.50,0.00,0.50,0.00,
0.50,0.00,0.50,0.00,
0.50,0.00,0.50,0.00,
0.50,0.00,0.50,0.00,
0.50,0.00,0.50,0.00,
0.50,0.00,0.50,0.00,
0.50,0.00,0.50,0.00,
0.50,0.00,0.50,0.00,
0.50,0.00,0.50,0.00,
0.50,0.00,0.50,0.00,
0.49,0.00,0.49,0.00,
0.49,0.00,0.49,0.00,
0.49,0.00,0.49,0.00,
0.49,0.00,0.49,0.00,
0.49,0.00,0.49,0.00,
0.49,0.00,0.49,0.00,
0.49,0.00,0.49,0.00,
0.49,0.00,0.49,0.00,
0.49,0.00,0.49,0.00,
0.49,0.00,0.49,0.00,
0.49,0.00,0.49,0.00,
0.49,0.00,0.49,0.00,
0.49,0.00,0.49,0.00,
0.49,0.00,0.49,0.00,
0.49,0.00,0.49,0.00,
0.48,0.00,0.48,0.00,
0.48,0.00,0.48,0.00,
0.48,0.00,0.48,0.00,
0.48,0.00,0.48,0.00,
0.48,0.00,0.48,0.00,
0.48,0.00,0.48,0.00,
0.48,0.00,0.48,0.00,
0.48,0.00,0.48,0.00,
0.48,0.00,0.48,0.00,
0.48,0.00,0.48,0.00,
0.48,0.00,0.48,0.00,
0.48,0.00,0.48,0.00,
0.48,0.00,0.48,0.00,
0.48,0.00,0.48,0.00,
0.48,0.00,0.48,0.00,
0.47,0.00,0.47,0.00,
0.47,0.00,0.47,0.00,
0.47,0.00,0.47,0.00,
0.47,0.00,0.47,0.00,
0.47,0.00,0.47,0.00,
0.47,0.00,0.47,0.00,
0.47,0.00,0.47,0.00,
0.47,0.00,0.47,0.00,
0.47,0.00,0.47,0.00,
0.47,0.00,0.47,0.00,
0.47,0.00,0.47,0.00,
0.47,0.00,0.47,0.00,
0.47,0.00,0.47,0.00,
0.47,0.00,0.47,0.00,
0.47,0.00,0.47,0.00,
0.47,0.00,0.47,0.00,
0.46,0.00,0.46,0.00,
0.46,0.00,0.46,0.00,
0.46,0.00,0.46,0.00,
0.46,0.00,0.46,0.00,
0.46,0.00,0.46,0.00,
0.46,0.00,0.46,0.00,
0.46,0.00,0.46,0.00,
0.46,0.00,0.46,0.00,
0.46,0.00,0.46,0.00,
0.46,0.00,0.46,0.00,
0.46,0.00,0.46,0.00,
0.46,0.00,0.46,0.00,
0.46,0.00,0.46,0.00,
0.46,0.00,0.46,0.00,
0.46,0.00,0.46,0.00,
0.46,0.00,0.46,0.00,
0.46,0.00,0.46,0.00,
0.45,0.00,0.45,0.00,
0.45,0.00,0.45,0.00,
0.45,0.00,0.45,0.00,
0.45,0.00,0.45,0.00,
0.45,0.00,0.45,0.00,
0.45,0.00,0.45,0.00,
0.45,0.00,0.45,0.00,
0.45,0.00,0.45,0.00,
0.45,0.00,0.45,0.00,
0.45,0.00,0.45,0.00,
0.45,0.00,0.45,0.00,
0.45,0.00,0.45,0.00,
0.45,0.00,0.45,0.00,
0.45,0.00,0.45,0.00,
0.45,0.00,0.45,0.00,
0.45,0.00,0.45,0.00,
0.45,0.00,0.45,0.00,
0.44,0.00,0.44,0.00,
0.44,0.00,0.44,0.00,
0.44,0.00,0.44,0.00,
0.44,0.00,0.44,0.00,
0.44,0.00,0.44,0.00,
0.44,0.00,0.44,0.00,
0.44,0.00,0.44,0.00,
0.44,0.00,0.44,0.00,
0.44,0.00,0.44,0.00,
0.44,0.00,0.44,0.00,
0.44,0.00,0.44,0.00,
0.44,0.00,0.44,0.00,
0.44,0.00,0.44,0.00,
0.44,0.00,0.44,0.00,
0.44,0.00,0.44,0.00,
0.44,0.00,0.44,0.00,
0.44,0.00,0.44,0.00,
0.44,0.00,0.44,0.00,
0.44,0.00,0.44,0.00,
0.43,0.00,0.43,0.00,
0.43,0.00,0.43,0.00,
0.43,0.00,0.43,0.00,
0.43,0.00,0.43,0.00,
0.43,0.00,0.43,0.00,
0.43,0.00,0.43,0.00,
0.43,0.00,0.43,0.00,
0.43,0.00,0.43,0.00,
0.43,0.00,0.43,0.00,
0.43,0.00,0.43,0.00,
0.43,0.00,0.43,0.00,
0.43,0.00,0.43,0.00,
0.43,0.00,0.43,0.00,
0.43,0.00,0.43,0.00,
0.43,0.00,0.43,0.00,
0.43,0.00,0.43,0.00,
0.43,0.00,0.43,0.00,
0.43,0.00,0.43,0.00,
0.43,0.00,0.43,0.00,
0.42,0.00,0.42,0.00,
0.42,0.00,0.42,0.00,
0.42,0.00,0.42,0.00,
0.42,0.00,0.42,0.00,
0.42,0.00,0.42,0.00,
0.42,0.00,0.42,0.00,
0.42,0.00,0.42,0.00,
0.42,0.00,0.42,0.00,
0.42,0.00,0.42,0.00,
0.42,0.00,0.42,0.00,
0.42,0.00,0.42,0.00,
0.42,0.00,0.42,0.00,
0.42,0.00,0.42,0.00,
0.42,0.00,0.42,0.00,
0.42,0.00,0.42,0.00,
0.42,0.00,0.42,0.00,
0.42,0.00,0.42,0.00,
0.42,0.00,0.42,0.00,
0.42,0.00,0.42,0.00,
0.42,0.00,0.42,0.00,
0.42,0.00,0.42,0.00,
0.41,0.00,0.41,0.00,
0.41,0.00,0.41,0.00,
0.41,0.00,0.41,0.00,
0.41,0.00,0.41,0.00,
0.41,0.00,0.41,0.00,
0.41,0.00,0.41,0.00,
0.41,0.00,0.41,0.00,
0.41,0.00,0.41,0.00,
0.41,0.00,0.41,0.00,
0.41,0.00,0.41,0.00,
0.41,0.00,0.41,0.00,
0.41,0.00,0.41,0.00,
0.41,0.00,0.41,0.00,
0.41,0.00,0.41,0.00,
0.41,0.00,0.41,0.00,
0.41,0.00,0.41,0.00,
0.41,0.00,0.41,0.00,
0.41,0.00,0.41,0.00,
0.41,0.00,0.41,0.00,
0.41,0.00,0.41,0.00,
0.41,0.00,0.41,0.00,
0.41,0.00,0.41,0.00,
0.40,0.00,0.40,0.00,
0.40,0.00,0.40,0.00,
0.40,0.00,0.40,0.00,
0.40,0.00,0.40,0.00,
0.40,0.00,0.40,0.00,
0.40,0.00,0.40,0.00,
0.40,0.00,0.40,0.00,
0.40,0.00,0.40,0.00,
0.40,0.00,0.40,0.00,
0.40,0.00,0.40,0.00,
0.40,0.00,0.40,0.00,
0.40,0.00,0.40,0.00,
0.40,0.00,0.40,0.00,
0.40,0.00,0.40,0.00,
0.40,0.00,0.40,0.00,
0.40,0.00,0.40,0.00,
0.40,0.00,0.40,0.00,
0.40,0.00,0.40,0.00,
0.40,0.00,0.40,0.00,
0.40,0.00,0.40,0.00,
0.40,0.00,0.40,0.00,
0.40,0.00,0.40,0.00,
0.40,0.00,0.40,0.00,
0.39,0.00,0.39,0.00,
0.39,0.00,0.39,0.00,
0.39,0.00,0.39,0.00,
0.39,0.00,0.39,0.00,
0.39,0.00,0.39,0.00,
0.39,0.00,0.39,0.00,
0.39,0.00,0.39,0.00,
0.39,0.00,0.39,0.00,
0.39,0.00,0.39,0.00,
0.39,0.00,0.39,0.00,
0.39,0.00,0.39,0.00,
0.39,0.00,0.39,0.00,
0.39,0.00,0.39,0.00,
0.39,0.00,0.39,0.00,
0.39,0.00,0.39,0.00,
0.39,0.00,0.39,0.00,
0.39,0.00,0.39,0.00,
0.39,0.00,0.39,0.00,
0.39,0.00,0.39,0.00,
0.39,0.00,0.39,0.00,
0.39,0.00,0.39,0.00,
0.39,0.00,0.39,0.00,
0.39,0.00,0.39,0.00,
0.39,0.00,0.39,0.00,
0.39,0.00,0.39,0.00,
0.39,0.00,0.39,0.00,
0.38,0.00,0.38,0.00,
0.38,0.00,0.38,0.00,
0.38,0.00,0.38,0.00,
0.38,0.00,0.38,0.00,
0.38,0.00,0.38,0.00,
0.38,0.00,0.38,0.00,
0.38,0.00,0.38,0.00,
0.38,0.00,0.38,0.00,
0.38,0.00,0.38,0.00,
0.38,0.00,0.38,0.00,
0.38,0.00,0.38,0.00,
0.38,0.00,0.38,0.00,
0.38,0.00,0.38,0.00,
0.38,0.00,0.38,0.00,
0.38,0.00,0.38,0.00,
0.38,0.00,0.38,0.00,
0.38,0.00,0.38,0.00,
0.38,0.00,0.38,0.00,
0.38,0.00,0.38,0.00,
0.38,0.00,0.38,0.00,
0.38,0.00,0.38,0.00,
0.38,0.00,0.38,0.00,
0.38,0.00,0.38,0.00,
0.38,0.00,0.38,0.00,
0.38,0.00,0.38,0.00,
0.38,0.00,0.38,0.00,
0.38,0.00,0.38,0.00,
0.38,0.00,0.38,0.00,
0.37,0.00,0.37,0.00,
0.37,0.00,0.37,0.00,
0.37,0.00,0.37,0.00,
0.37,0.00,0.37,0.00,
0.37,0.00,0.37,0.00,
0.37,0.00,0.37,0.00,
0.37,0.00,0.37,0.00,
0.37,0.00,0.37,0.00,
0.37,0.00,0.37,0.00,
0.37,0.00,0.37,0.00,
0.37,0.00,0.37,0.00,
0.37,0.00,0.37,0.00,
0.37,0.00,0.37,0.00,
0.37,0.00,0.37,0.00,
0.37,0.00,0.37,0.00,
0.37,0.00,0.37,0.00,
0.37,0.00,0.37,0.00,
0.37,0.00,0.37,0.00,
0.37,0.00,0.37,0.00,
0.37,0.00,0.37,0.00,
0.37,0.00,0.37,0.00,
0.37,0.00,0.37,0.00,
0.37,0.00,0.37,0.00,
0.37,0.00,0.37,0.00,
0.37,0.00,0.37,0.00,
0.37,0.00,0.37,0.00,
0.37,0.00,0.37,0.00,
0.37,0.00,0.37,0.00,
0.37,0.00,0.37,0.00,
0.37,0.00,0.37,0.00,
0.37,0.00,0.36,0.00,
0.36,0.00,0.36,0.00,
0.36,0.00,0.36,0.00,
0.36,0.00,0.36,0.00,
0.36,0.00,0.36,0.00,
0.36,0.00,0.36,0.00,
0.36,0.00,0.36,0.00,
0.36,0.00,0.36,0.00,
0.36,0.00,0.36,0.00,
0.36,0.00,0.36,0.00,
0.36,0.00,0.36,0.00,
0.36,0.00,0.36,0.00,
0.36,0.00,0.36,0.00,
0.36,0.00,0.36,0.00,
0.36,0.00,0.36,0.00,
0.36,0.00,0.36,0.00,
0.36,0.00,0.36,0.00,
0.36,0.00,0.36,0.00,
0.36,0.00,0.36,0.00,
0.36,0.00,0.36,0.00,
0.36,0.00,0.36,0.00,
0.36,0.00,0.36,0.00,
0.36,0.00,0.36,0.00,
0.36,0.00,0.36,0.00,
0.36,0.00,0.36,0.00,
0.36,0.00,0.36,0.00,
0.36,0.00,0.36,0.00,
0.36,0.00,0.36,0.00,
0.36,0.00,0.36,0.00,
0.36,0.00,0.36,0.00,
0.36,0.00,0.36,0.00,
0.36,0.00,0.36,0.00,
0.36,0.00,0.36,0.00,
0.36,0.00,0.36,0.00,
0.36,0.00,0.36,0.00,
0.35,0.00,0.35,0.00,
0.35,0.00,0.35,0.00,
0.35,0.00,0.35,0.00,
0.35,0.00,0.35,0.00,
0.35,0.00,0.35,0.00,
0.35,0.00,0.35,0.00,
0.35,0.00,0.35,0.00,
0.35,0.00,0.35,0.00,
0.35,0.00,0.35,0.00,
0.35,0.00,0.35,0.00,
0.35,0.00,0.35,0.00,
0.35,0.00,0.35,0.00,
0.35,0.00,0.35,0.00,
0.35,0.00,0.35,0.00,
0.35,0.00,0.35,0.00,
0.35,0.00,0.35,0.00,
0.35,0.00,0.35,0.00,
0.35,0.00,0.35,0.00,
0.35,0.00,0.35,0.00,
0.35,0.00,0.35,0.00,
0.35,0.00,0.35,0.00,
0.35,0.00,0.35,0.00,
0.35,0.00,0.35,0.00,
0.35,0.00,0.35,0.00,
0.35,0.00,0.35,0.00,
0.35,0.00,0.35,0.00,
0.35,0.00,0.35,0.00,
0.35,0.00,0.35,0.00,
0.35,0.00,0.35,0.00,
0.35,0.00,0.35,0.00,
0.35,0.00,0.35,0.00,
0.35,0.00,0.35,0.00,
0.35,0.00,0.35,0.00,
0.35,0.00,0.35,0.00,
0.35,0.00,0.35,0.00,
0.35,0.00,0.35,0.00,
0.35,0.00,0.35,0.00,
0.35,0.00,0.35,0.00,
0.35,0.00,0.35,0.00,
0.35,0.00,0.35,0.00,
0.34,0.00,0.34,0.00,
0.34,0.00,0.34,0.00,
0.34,0.00,0.34,0.00,
0.34,0.00,0.34,0.00,
0.34,0.00,0.34,0.00,
0.34,0.00,0.34,0.00,
0.34,0.00,0.34,0.00,
0.34,0.00,0.34,0.00,
0.34,0.00,0.34,0.00,
0.34,0.00,0.34,0.00,
0.34,0.00,0.34,0.00,
0.34,0.00,0.34,0.00,
0.34,0.00,0.34,0.00,
0.34,0.00,0.34,0.00,
0.34,0.00,0.34,0.00,
0.34,0.00,0.34,0.00,
0.34,0.00,0.34,0.00,
0.34,0.00,0.34,0.00,
0.34,0.00,0.34,0.00,
0.34,0.00,0.34,0.00,
0.34,0.00,0.34,0.00,
0.34,0.00,0.34,0.00,
0.34,0.00,0.34,0.00,
0.34,0.00,0.34,0.00,
0.34,0.00,0.34,0.00,
0.34,0.00,0.34,0.00,
0.34,0.00,0.34,0.00,
0.34,0.00,0.34,0.00,
0.34,0.00,0.34,0.00,
0.34,0.00,0.34,0.00,
0.34,0.00,0.34,0.00,
0.34,0.00,0.34,0.00,
0.34,0.00,0.34,0.00,
0.34,0.00,0.34,0.00,
0.34,0.00,0.34,0.00,
0.34,0.00,0.34,0.00,
0.34,0.00,0.34,0.00,
0.34,0.00,0.34,0.00,
0.34,0.00,0.34,0.00,
0.34,0.00,0.34,0.00,
0.34,0.00,0.34,0.00,
0.34,0.00,0.34,0.00,
0.34,0.00,0.34,0.00,
0.34,0.00,0.34,0.00,
0.34,0.00,0.34,0.00,
0.34,0.00,0.34,0.00,
0.33,0.00,0.33,0.00,
0.33,0.00,0.33,0.00,
0.33,0.00,0.33,0.00,
0.33,0.00,0.33,0.00,
0.33,0.00,0.33,0.00,
0.33,0.00,0.33,0.00,
0.33,0.00,0.33,0.00,
0.33,0.00,0.33,0.00,
0.33,0.00,0.33,0.00,
0.33,0.00,0.33,0.00,
0.33,0.00,0.33,0.00,
0.33,0.00,0.33,0.00,
0.33,0.00,0.33,0.00,
0.33,0.00,0.33,0.00,
0.33,0.00,0.33,0.00,
0.33,0.00,0.33,0.00,
0.33,0.00,0.33,0.00,
0.33,0.00,0.33,0.00,
0.33,0.00,0.33,0.00,
0.33,0.00,0.33,0.00,
0.33,0.00,0.33,0.00,
0.33,0.00,0.33,0.00,
0.33,0.00,0.33,0.00,
0.33,0.00,0.33,0.00,
0.33,0.00,0.33,0.00,
0.33,0.00,0.33,0.00,
0.33,0.00,0.33,0.00,
0.33,0.00,0.33,0.00,
0.33,0.00,0.33,0.00,
0.33,0.00,0.33,0.00,
0.33,0.00,0.33,0.00,
0.33,0.00,0.33,0.00,
0.33,0.00,0.33,0.00,
0.33,0.00,0.33,0.00,
0.33,0.00,0.33,0.00,
0.33,0.00,0.33,0.00,
0.33,0.00,0.33,0.00,
0.33,0.00,0.33,0.00,
0.33,0.00,0.33,0.00,
0.33,0.00,0.33,0.00,
0.33,0.00,0.33,0.00,
0.33,0.00,0.33,0.00,
0.33,0.00,0.33,0.00,
0.33,0.00,0.33,0.00,
0.33,0.00,0.33,0.00,
0.33,0.00,0.33,0.00,
0.33,0.00,0.33,0.00,
0.33,0.00,0.33,0.00,
0.33,0.00,0.33,0.00,
0.33,0.00,0.33,0.00,
0.33,0.00,0.33,0.00,
0.33,0.00,0.33,0.00,
0.33,0.00,0.33,0.00,
0.33,0.00,0.33,0.00,
0.33,0.00,0.33,0.00,
0.33,0.00,0.33,0.00,
0.32,0.00,0.32,0.00,
0.32,0.00,0.32,0.00,
0.32,0.00,0.32,0.00,
0.32,0.00,0.32,0.00,
0.32,0.00,0.32,0.00,
0.32,0.00,0.32,0.00,
0.32,0.00,0.32,0.00,
0.32,0.00,0.32,0.00,
0.32,0.00,0.32,0.00,
0.32,0.00,0.32,0.00,
0.32,0.00,0.32,0.00,
0.32,0.00,0.32,0.00,
0.32,0.00,0.32,0.00,
0.32,0.00,0.32,0.00,
0.32,0.00,0.32,0.00,
0.32,0.00,0.32,0.00,
0.32,0.00,0.32,0.00,
0.32,0.00,0.32,0.00,
0.32,0.00,0.32,0.00,
0.32,0.00,0.32,0.00,
0.32,0.00,0.32,0.00,
0.32,0.00,0.32,0.00,
0.32,0.00,0.32,0.00,
0.32,0.00,0.32,0.00,
0.32,0.00,0.32,0.00,
0.32,0.00,0.32,0.00,
0.32,0.00,0.32,0.00,
0.32,0.00,0.32,0.00,
0.32,0.00,0.32,0.00,
0.32,0.00,0.32,0.00,
0.32,0.00,0.32,0.00,
0.32,0.00,0.32,0.00,
0.32,0.00,0.32,0.00,
0.32,0.00,0.32,0.00,
0.32,0.00,0.32,0.00,
0.32,0.00,0.32,0.00,
0.32,0.00,0.32,0.00,
0.32,0.00,0.32,0.00,
0.32,0.00,0.32,0.00,
0.32,0.00,0.32,0.00,
0.32,0.00,0.32,0.00,
0.32,0.00,0.32,0.00,
0.32,0.00,0.32,0.00,
0.32,0.00,0.32,0.00,
0.32,0.00,0.32,0.00,
0.32,0.00,0.32,0.00,
0.32,0.00,0.32,0.00,
0.32,0.00,0.32,0.00,
0.32,0.00,0.32,0.00,
0.32,0.00,0.32,0.00,
0.32,0.00,0.32,0.00,
0.32,0.00,0.32,0.00,
0.32,0.00,0.32,0.00,
0.32,0.00,0.32,0.00,
0.32,0.00,0.32,0.00,
0.32,0.00,0.32,0.00,
0.32,0.00,0.32,0.00,
0.32,0.00,0.32,0.00,
0.32,0.00,0.32,0.00,
0.32,0.00,0.32,0.00,
0.32,0.00,0.32,0.00,
0.32,0.00,0.32,0.00,
0.32,0.00,0.32,0.00,
0.32,0.00,0.32,0.00,
0.32,0.00,0.32,0.00,
0.32,0.00,0.32,0.00,
0.32,0.00,0.32,0.00,
0.32,0.00,0.32,0.00,
0.32,0.00,0.32,0.00,
0.32,0.00,0.32,0.00,
0.32,0.00,0.32,0.00,
0.31,0.00,0.31,0.00,
0.31,0.00,0.31,0.00,
0.31,0.00,0.31,0.00,
0.31,0.00,0.31,0.00,
0.31,0.00,0.31,0.00,
0.31,0.00,0.31,0.00,
0.31,0.00,0.31,0.00,
0.31,0.00,0.31,0.00,
0.31,0.00,0.31,0.00,
0.31,0.00,0.31,0.00,
0.31,0.00,0.31,0.00,
0.31,0.00,0.31,0.00,
0.31,0.00,0.31,0.00,
0.31,0.00,0.31,0.00,
0.31,0.00,0.31,0.00,
0.31,0.00,0.31,0.00,
0.31,0.00,0.31,0.00,
0.31,0.00,0.31,0.00,
0.31,0.00,0.31,0.00,
0.31,0.00,0.31,0.00,
0.31,0.00,0.31,0.00,
0.31,0.00,0.31,0.00,
0.31,0.00,0.31,0.00,
0.31,0.00,0.31,0.00,
0.31,0.00,0.31,0.00,
0.31,0.00,0.31,0.00,
0.31,0.00,0.31,0.00,
0.31,0.00,0.31,0.00,
0.31,0.00,0.31,0.00,
0.31,0.00,0.31,0.00,
0.31,0.00,0.31,0.00,
0.31,0.00,0.31,0.00,
0.31,0.00,0.31,0.00,
0.31,0.00,0.31,0.00,
0.31,0.00,0.31,0.00,
0.31,0.00,0.31,0.00,
0.31,0.00,0.31,0.00,
0.31,0.00,0.31,0.00,
0.31,0.00,0.31,0.00,
0.31,0.00,0.31,0.00,
0.31,0.00,0.31,0.00,
0.31,0.00,0.31,0.00,
0.31,0.00,0.31,0.00,
0.31,0.00,0.31,0.00,
0.31,0.00,0.31,0.00,
0.31,0.00,0.31,0.00,
0.31,0.00,0.31,0.00,
0.31,0.00,0.31,0.00,
0.31,0.00,0.31,0.00,
0.31,0.00,0.31,0.00,
0.31,0.00,0.31,0.00,
0.31,0.00,0.31,0.00,
0.31,0.00,0.31,0.00,
0.31,0.00,0.31,0.00,
0.31,0.00,0.31,0.00,
0.31,0.00,0.31,0.00,
0.31,0.00,0.31,0.00,
0.31,0.00,0.31,0.00,
0.31,0.00,0.31,0.00,
0.31,0.00,0.31,0.00,
0.31,0.00,0.31,0.00,
0.31,0.00,0.31,0.00,
0.31,0.00,0.31,0.00,
0.31,0.00,0.31,0.00,
0.31,0.00,0.31,0.00,
0.31,0.00,0.31,0.00,
0.31,0.00,0.31,0.00,
0.31,0.00,0.31,0.00,
0.31,0.00,0.31,0.00,
0.31,0.00,0.31,0.00,
0.31,0.00,0.31,0.00,
0.31,0.00,0.31,0.00,
0.31,0.00,0.31,0.00,
0.31,0.00,0.31,0.00,
0.31,0.00,0.31,0.00,
0.31,0.00,0.31,0.00,
0.31,0.00,0.31,0.00,
0.31,0.00,0.31,0.00,
0.31,0.00,0.31,0.00,
0.31,0.00,0.31,0.00,
0.31,0.00,0.31,0.00,
0.31,0.00,0.31,0.00,
0.31,0.00,0.31,0.00,
0.31,0.00,0.31,0.00,
0.31,0.00,0.31,0.00,
0.31,0.00,0.31,0.00,
0.31,0.00,0.31,0.00,
0.31,0.00,0.31,0.00,
0.31,0.00,0.31,0.00,
0.31,0.00,0.31,0.00,
0.31,0.00,0.31,0.00,
0.31,0.00,0.31,0.00,
0.31,0.00,0.31,0.00,
0.31,0.00,0.31,0.00,
0.31,0.00,0.31,0.00,
0.31,0.00,0.31,0.00,
0.31,0.00,0.31,0.00,
0.31,0.00,0.31,0.00,
0.31,0.00,0.31,0.00,
0.31,0.00,0.31,0.00,
0.30,0.00,0.30,0.00,
0.30,0.00,0.30,0.00,
0.30,0.00,0.30,0.00,
0.30,0.00,0.30,0.00,
0.30,0.00,0.30,0.00,
0.30,0.00,0.30,0.00,
0.30,0.00,0.30,0.00,
0.30,0.00,0.30,0.00,
0.30,0.00,0.30,0.00,
0.30,0.00,0.30,0.00,
0.30,0.00,0.30,0.00,
0.30,0.00,0.30,0.00,
0.30,0.00,0.30,0.00,
0.30,0.00,0.30,0.00,
0.30,0.00,0.30,0.00,
0.30,0.00,0.30,0.00,
0.30,0.00,0.30,0.00,
0.30,0.00,0.30,0.00,
0.30,0.00,0.30,0.00,
0.30,0.00,0.30,0.00,
0.30,0.00,0.30,0.00,
0.30,0.00,0.30,0.00,
0.30,0.00,0.30,0.00,
0.30,0.00,0.30,0.00,
0.30,0.00,0.30,0.00,
0.30,0.00,0.30,0.00,
0.30,0.00,0.30,0.00,
0.30,0.00,0.30,0.00,
0.30,0.00,0.30,0.00,
0.30,0.00,0.30,0.00,
0.30,0.00,0.30,0.00,
0.30,0.00,0.30,0.00,
0.30,0.00,0.30,0.00,
0.30,0.00,0.30,0.00,
0.30,0.00,0.30,0.00,
0.30,0.00,0.30,0.00,
0.30,0.00,0.30,0.00,
0.30,0.00,0.30,0.00,
0.30,0.00,0.30,0.00,
0.30,0.00,0.30,0.00,
0.30,0.00,0.30,0.00,
0.30,0.00,0.30,0.00,
0.30,0.00,0.30,0.00,
0.30,0.00,0.30,0.00,
0.30,0.00,0.30,0.00,
0.30,0.00,0.30,0.00,
0.30,0.00,0.30,0.00,
0.30,0.00,0.30,0.00,
0.30,0.00,0.30,0.00,
0.30,0.00,0.30,0.00,
0.30,0.00,0.30,0.00,
0.30,0.00,0.30,0.00,
0.30,0.00,0.30,0.00,
0.30,0.00,0.30,0.00,
0.30,0.00,0.30,0.00,
0.30,0.00,0.30,0.00,
0.30,0.00,0.30,0.00,
0.30,0.00,0.30,0.00,
0.30,0.00,0.30,0.00,
0.30,0.00,0.30,0.00,
0.30,0.00,0.30,0.00,
0.30,0.00,0.30,0.00,
0.30,0.00,0.30,0.00,
0.30,0.00,0.30,0.00,
0.30,0.00,0.30,0.00,
0.30,0.00,0.30,0.00,
0.30,0.00,0.30,0.00,
0.30,0.00,0.30,0.00,
0.30,0.00,0.30,0.00,
0.30,0.00,0.30,0.00,
0.30,0.00,0.30,0.00,
0.30,0.00,0.30,0.00,
0.30,0.00,0.30,0.00,
0.30,0.00,0.30,0.00,
0.30,0.00,0.30,0.00,
0.30,0.00,0.30,0.00,
0.30,0.00,0.30,0.00,
0.30,0.00,0.30,0.00,
0.30,0.00,0.30,0.00,
0.30,0.00,0.30,0.00,
0.30,0.00,0.30,0.00,
0.30,0.00,0.30,0.00,
0.30,0.00,0.30,0.00,
0.30,0.00,0.30,0.00,
0.30,0.00,0.30,0.00,
0.30,0.00,0.30,0.00,
0.30,0.00,0.30,0.00,
0.30,0.00,0.30,0.00,
0.30,0.00,0.30,0.00,
0.30,0.00,0.30,0.00,
0.30,0.00,0.30,0.00,
0.30,0.00,0.30,0.00,
0.30,0.00,0.30,0.00,
0.30,0.00,0.30,0.00,
0.30,0.00,0.30,0.00,
0.30,0.00,0.30,0.00,
0.30,0.00,0.30,0.00,
0.30,0.00,0.30,0.00,
0.30,0.00,0.30,0.00,
0.30,0.00,0.30,0.00,
0.30,0.00,0.30,0.00,
0.30,0.00,0.30,0.00,
0.30,0.00,0.30,0.00,
0.30,0.00,0.30,0.00,
0.30,0.00,0.30,0.00,
0.30,0.00,0.30,0.00,
0.30,0.00,0.30,0.00,
0.30,0.00,0.30,0.00,
0.30,0.00,0.30,0.00,
0.30,0.00,0.30,0.00,
0.30,0.00,0.30,0.00,
0.30,0.00,0.30,0.00,
0.30,0.00,0.30,0.00,
0.30,0.00,0.30,0.00,
0.30,0.00,0.30,0.00,
0.30,0.00,0.30,0.00,
0.30,0.00,0.30,0.00,
0.30,0.00,0.30,0.00,
0.30,0.00,0.30,0.00,
0.30,0.00,0.30,0.00,
0.30,0.00,0.30,0.00,
0.30,0.00,0.30,0.00,
0.30,0.00,0.30,0.00,
0.30,0.00,0.30,0.00,
0.30,0.00,0.30,0.00,
0.30,0.00,0.30,0.00,
0.30,0.00,0.30,0.00,
0.30,0.00,0.30,0.00,
0.30,0.00,0.30,0.00,
0.30,0.00,0.30,0.00,
0.30,0.00,0.30,0.00,
0.30,0.00,0.30,0.00,
0.30,0.00,0.30,0.00,
0.30,0.00,0.30,0.00,
0.30,0.00,0.30,0.00,
0.30,0.00,0.30,0.00,
0.30,0.00,0.30,0.00,
0.30,0.00,0.30,0.00,
0.30,0.00,0.30,0.00,
0.30,0.00,0.30,0.00,
0.30,0.00,0.30,0.00,
0.30,0.00,0.30,0.00,
0.30,0.00,0.30,0.00,
0.30,0.00,0.30,0.00,
0.30,0.00,0.30,0.00,
0.30,0.00,0.30,0.00,
0.30,0.00,0.30,0.00,
0.30,0.00,0.30,0.00,
0.30,0.00,0.30,0.00,
0.30,0.00,0.30,0.00,
0.30,0.00,0.30,0.00,
0.30,0.00,0.30,0.00,
0.30,0.00,0.30,0.00,
0.30,0.00,0.30,0.00,
0.30,0.00,0.30,0.00,
0.30,0.00,0.30,0.00,
0.30,0.00,0.30,0.00,
0.30,0.00,0.30,0.00,
0.30,0.00,0.30,0.00,
0.30,0.00,0.30,0.00,
0.30,0.00,0.30,0.00,
0.30,0.00,0.30,0.00,
0.30,0.00,0.30,0.00,
0.30,0.00,0.30,0.00,
0.30,0.00,0.30,0.00,
0.30,0.00,0.30,0.00,
0.30,0.00,0.30,0.00,
0.30,0.00,0.30,0.00,
0.30,0.00,0.30,0.00,
0.30,0.00,0.30,0.00,
0.30,0.00,0.30,0.00,
0.29,0.00,0.29,0.00,
0.29,0.00,0.29,0.00,
0.29,0.00,0.29,0.00,
0.29,0.00,0.29,0.00,
0.29,0.00,0.29,0.00,
0.29,0.00,0.29,0.00,
0.29,0.00,0.29,0.00,
0.29,0.00,0.29,0.00,
0.29,0.00,0.29,0.00,
0.29,0.00,0.29,0.00,
0.29,0.00,0.29,0.00,
0.29,0.00,0.29,0.00,
0.29,0.00,0.29,0.00,
0.29,0.00,0.29,0.00,
0.29,0.00,0.29,0.00,
0.29,0.00,0.29,0.00,
0.29,0.00,0.29,0.00,
0.29,0.00,0.29,0.00,
0.29,0.00,0.29,0.00,
0.29,0.00,0.29,0.00,
0.29,0.00,0.29,0.00,
0.29,0.00,0.29,0.00,
0.29,0.00,0.29,0.00,
0.29,0.00,0.29,0.00,
0.29,0.00,0.29,0.00,
0.29,0.00,0.29,0.00,
0.29,0.00,0.29,0.00,
0.29,0.00,0.29,0.00,
0.29,0.00,0.29,0.00,
0.29,0.00,0.29,0.00,
0.29,0.00,0.29,0.00,
0.29,0.00,0.29,0.00,
0.29,0.00,0.29,0.00,
0.29,0.00,0.29,0.00,
0.29,0.00,0.29,0.00,
0.29,0.00,0.29,0.00,
0.29,0.00,0.29,0.00,
0.29,0.00,0.29,0.00,
0.29,0.00,0.29,0.00,
0.29,0.00,0.29,0.00,
0.29,0.00,0.29,0.00,
0.29,0.00,0.29,0.00,
0.29,0.00,0.29,0.00,
0.29,0.00,0.29,0.00,
0.29,0.00,0.29,0.00,
0.29,0.00,0.29,0.00,
0.29,0.00,0.29,0.00,
0.29,0.00,0.29,0.00,
0.29,0.00,0.29,0.00,
0.29,0.01,0.29,0.01,
0.29,0.01,0.29,0.01,
0.29,0.01,0.29,0.01,
0.29,0.01,0.29,0.01,
0.29,0.01,0.29,0.01,
0.29,0.01,0.29,0.01,
0.29,0.01,0.29,0.01,
0.29,0.01,0.29,0.01,
0.29,0.01,0.29,0.01,
0.29,0.01,0.29,0.01,
0.29,0.01,0.29,0.01,
0.29,0.01,0.29,0.01,
0.29,0.01,0.29,0.01,
0.29,0.01,0.29,0.01,
0.29,0.01,0.29,0.01,
0.29,0.01,0.29,0.01,
0.29,0.01,0.29,0.01,
0.29,0.01,0.29,0.01,
0.29,0.01,0.29,0.01,
0.29,0.01,0.29,0.01,
0.29,0.01,0.29,0.01,
0.29,0.01,0.29,0.01,
0.29,0.01,0.29,0.01,
0.29,0.01,0.29,0.01,
0.29,0.01,0.29,0.01,
0.29,0.01,0.29,0.01,
0.29,0.02,0.29,0.02,
0.29,0.02,0.29,0.02,
0.29,0.02,0.29,0.02,
0.29,0.02,0.29,0.02,
0.29,0.02,0.29,0.02,
0.28,0.02,0.28,0.02,
0.28,0.02,0.28,0.02,
0.28,0.02,0.28,0.02,
0.28,0.02,0.28,0.02,
0.28,0.02,0.28,0.02,
0.28,0.02,0.28,0.02,
0.28,0.02,0.28,0.02,
0.28,0.02,0.28,0.02,
0.28,0.02,0.28,0.02,
0.28,0.02,0.28,0.02,
0.28,0.02,0.28,0.02,
0.28,0.02,0.28,0.02,
0.28,0.02,0.28,0.02,
0.28,0.02,0.28,0.02,
0.28,0.02,0.28,0.02,
0.28,0.03,0.28,0.03,
0.28,0.03,0.28,0.03,
0.28,0.03,0.28,0.03,
0.28,0.03,0.28,0.03,
0.28,0.03,0.28,0.03,
0.28,0.03,0.28,0.03,
0.28,0.03,0.28,0.03,
0.27,0.03,0.27,0.03,
0.27,0.03,0.27,0.03,
0.27,0.03,0.27,0.03,
0.27,0.03,0.27,0.03,
0.27,0.03,0.27,0.03,
0.27,0.03,0.27,0.03,
0.27,0.03,0.27,0.03,
0.27,0.03,0.27,0.03,
0.27,0.03,0.27,0.03,
0.27,0.04,0.27,0.04,
0.27,0.04,0.27,0.04,
0.27,0.04,0.27,0.04,
0.27,0.04,0.27,0.04,
0.27,0.04,0.27,0.04,
0.27,0.04,0.27,0.04,
0.27,0.04,0.27,0.04,
0.26,0.04,0.26,0.04,
0.26,0.04,0.26,0.04,
0.26,0.04,0.26,0.04,
0.26,0.04,0.26,0.04,
0.26,0.04,0.26,0.04,
0.26,0.04,0.26,0.04,
0.26,0.04,0.26,0.04,
0.26,0.05,0.26,0.05,
0.26,0.05,0.26,0.05,
0.26,0.05,0.26,0.05,
0.26,0.05,0.26,0.05,
0.26,0.05,0.26,0.05,
0.26,0.05,0.26,0.05,
0.25,0.05,0.25,0.05,
0.25,0.05,0.25,0.05,
0.25,0.05,0.25,0.05,
0.25,0.05,0.25,0.05,
0.25,0.05,0.25,0.05,
0.25,0.06,0.25,0.06,
0.25,0.06,0.25,0.06,
0.25,0.06,0.25,0.06,
0.25,0.06,0.25,0.06,
0.25,0.06,0.25,0.06,
0.25,0.06,0.25,0.06,
0.24,0.06,0.24,0.06,
0.24,0.06,0.24,0.06,
0.24,0.06,0.24,0.06,
0.24,0.06,0.24,0.06,
0.24,0.07,0.24,0.07,
0.24,0.07,0.24,0.07,
0.24,0.07,0.24,0.07,
0.24,0.07,0.24,0.07,
0.24,0.07,0.24,0.07,
0.23,0.07,0.23,0.07,
0.23,0.07,0.23,0.07,
0.23,0.07,0.23,0.07,
0.23,0.08,0.23,0.08,
0.23,0.08,0.23,0.08,
0.23,0.08,0.23,0.08,
0.23,0.08,0.23,0.08,
0.23,0.08,0.23,0.08,
0.23,0.08,0.23,0.08,
0.22,0.08,0.22,0.08,
0.22,0.08,0.22,0.08,
0.22,0.09,0.22,0.09,
0.22,0.09,0.22,0.09,
0.22,0.09,0.22,0.09,
0.22,0.09,0.22,0.09,
0.22,0.09,0.22,0.09,
0.21,0.09,0.21,0.09,
0.21,0.09,0.21,0.09,
0.21,0.10,0.21,0.10,
0.21,0.10,0.21,0.10,
0.21,0.10,0.21,0.10,
0.21,0.10,0.21,0.10,
0.21,0.10,0.21,0.10,
0.20,0.10,0.20,0.10,
0.20,0.11,0.20,0.11,
0.20,0.11,0.20,0.11,
0.20,0.11,0.20,0.11,
0.20,0.11,0.20,0.11,
0.20,0.11,0.20,0.11,
0.19,0.11,0.19,0.11,
0.19,0.12,0.19,0.12,
0.19,0.12,0.19,0.12,
0.19,0.12,0.19,0.12,
0.19,0.12,0.19,0.12,
0.19,0.12,0.19,0.12,
0.18,0.12,0.18,0.12,
0.18,0.13,0.18,0.13,
0.18,0.13,0.18,0.13,
0.18,0.13,0.18,0.13,
0.18,0.13,0.18,0.13,
0.17,0.13,0.17,0.13,
0.17,0.14,0.17,0.14,
0.17,0.14,0.17,0.14,
0.17,0.14,0.17,0.14,
0.17,0.14,0.17,0.14,
0.16,0.14,0.16,0.14,
0.16,0.15,0.16,0.15,
0.16,0.15,0.16,0.15,
0.16,0.15,0.16,0.15,
0.15,0.15,0.15,0.15,
0.15,0.16,0.15,0.16,
0.15,0.16,0.15,0.16,
0.15,0.16,0.15,0.16,
0.15,0.16,0.15,0.16,
0.14,0.17,0.14,0.17,
0.14,0.17,0.14,0.17,
0.14,0.17,0.14,0.17,
0.14,0.17,0.14,0.17,
0.13,0.18,0.13,0.18,
0.13,0.18,0.13,0.18,
0.13,0.18,0.13,0.18,
0.13,0.18,0.13,0.18,
0.12,0.19,0.12,0.19,
0.12,0.19,0.12,0.19,
0.12,0.19,0.12,0.19,
0.12,0.19,0.12,0.19,
0.11,0.20,0.11,0.20,
0.11,0.20,0.11,0.20,
0.11,0.20,0.11,0.20,
0.10,0.21,0.10,0.21,
0.10,0.21,0.10,0.21,
0.10,0.21,0.10,0.21,
0.09,0.21,0.09,0.21,
0.09,0.22,0.09,0.22,
0.09,0.22,0.09,0.22,
0.09,0.22,0.09,0.22,
0.08,0.23,0.08,0.23,
0.08,0.23,0.08,0.23,
0.08,0.23,0.08,0.23,
0.07,0.24,0.07,0.24,
0.07,0.24,0.07,0.24,
0.07,0.24,0.07,0.24,
0.06,0.25,0.06,0.25,
0.06,0.25,0.06,0.25,
0.06,0.25,0.06,0.25,
0.05,0.26,0.05,0.26,
0.05,0.26,0.05,0.26,
0.04,0.27,0.04,0.27,
0.04,0.27,0.04,0.27,
0.04,0.27,0.04,0.27,
0.03,0.28,0.03,0.28,
0.03,0.28,0.03,0.28,
0.03,0.28,0.03,0.28,
0.02,0.29,0.02,0.29,
0.02,0.29,0.02,0.29,
0.01,0.30,0.01,0.30,
0.01,0.30,0.01,0.30,
0.01,0.30,0.01,0.30,
0.00,0.31,0.00,0.31,
0.00,0.31,0.00,0.31,
0.00,0.32,0.00,0.32,
0.00,0.32,0.00,0.32,
0.00,0.33,0.00,0.33,
0.00,0.33,0.00,0.33,
0.00,0.33,0.00,0.33,
0.00,0.34,0.00,0.34,
0.00,0.34,0.00,0.34,
0.00,0.35,0.00,0.35,
0.00,0.35,0.00,0.35,
0.00,0.35,0.00,0.35,
0.00,0.36,0.00,0.36,
0.00,0.36,0.00,0.36,
0.00,0.37,0.00,0.37,
0.00,0.37,0.00,0.37,
0.00,0.37,0.00,0.37,
0.00,0.38,0.00,0.38,
0.00,0.38,0.00,0.38,
0.00,0.38,0.00,0.38,
0.00,0.39,0.00,0.39,
0.00,0.39,0.00,0.39,
0.00,0.40,0.00,0.40,
0.00,0.40,0.00,0.40,
0.00,0.40,0.00,0.40,
0.00,0.41,0.00,0.41,
0.00,0.41,0.00,0.41,
0.00,0.41,0.00,0.41,
0.00,0.42,0.00,0.42,
0.00,0.42,0.00,0.42,
0.00,0.42,0.00,0.42,
0.00,0.42,0.00,0.42,
0.00,0.43,0.00,0.43,
0.00,0.43,0.00,0.43,
0.00,0.43,0.00,0.43,
0.00,0.44,0.00,0.44,
0.00,0.44,0.00,0.44,
0.00,0.44,0.00,0.44,
0.00,0.45,0.00,0.45,
0.00,0.45,0.00,0.45,
0.00,0.45,0.00,0.45,
0.00,0.45,0.00,0.45,
0.00,0.46,0.00,0.46,
0.00,0.46,0.00,0.46,
0.00,0.46,0.00,0.46,
0.00,0.46,0.00,0.46,
0.00,0.47,0.00,0.47,
0.00,0.47,0.00,0.47,
0.00,0.47,0.00,0.47,
0.00,0.48,0.00,0.48,
0.00,0.48,0.00,0.48,
0.00,0.48,0.00,0.48,
0.00,0.48,0.00,0.48,
0.00,0.49,0.00,0.49,
0.00,0.49,0.00,0.49,
0.00,0.49,0.00,0.49,
0.00,0.49,0.00,0.49,
0.00,0.49,0.00,0.49,
0.00,0.50,0.00,0.50,
0.00,0.50,0.00,0.50,
0.00,0.50,0.00,0.50,
0.00,0.50,0.00,0.50,
0.00,0.51,0.00,0.51,
0.00,0.51,0.00,0.51,
0.00,0.51,0.00,0.51,
0.00,0.51,0.00,0.51,
0.00,0.51,0.00,0.51,
0.00,0.52,0.00,0.52,
0.00,0.52,0.00,0.52,
0.00,0.52,0.00,0.52,
0.00,0.52,0.00,0.52,
0.00,0.52,0.00,0.52,
0.00,0.53,0.00,0.53,
0.00,0.53,0.00,0.53,
0.00,0.53,0.00,0.53,
0.00,0.53,0.00,0.53,
0.00,0.53,0.00,0.53,
0.00,0.53,0.00,0.53,
0.00,0.54,0.00,0.54,
0.00,0.54,0.00,0.54,
0.00,0.54,0.00,0.54,
0.00,0.54,0.00,0.54,
0.00,0.54,0.00,0.54,
0.00,0.54,0.00,0.54,
0.00,0.55,0.00,0.55,
0.00,0.55,0.00,0.55,
0.00,0.55,0.00,0.55,
0.00,0.55,0.00,0.55,
0.00,0.55,0.00,0.55,
0.00,0.55,0.00,0.55,
0.00,0.56,0.00,0.56,
0.00,0.56,0.00,0.56,
0.00,0.56,0.00,0.56,
0.00,0.56,0.00,0.56,
0.00,0.56,0.00,0.56,
0.00,0.56,0.00,0.56,
0.00,0.56,0.00,0.56,
0.00,0.56,0.00,0.56,
0.00,0.57,0.00,0.57,
0.00,0.57,0.00,0.57,
0.00,0.57,0.00,0.57,
0.00,0.57,0.00,0.57,
0.00,0.57,0.00,0.57,
0.00,0.57,0.00,0.57,
0.00,0.57,0.00,0.57,
0.00,0.57,0.00,0.57,
0.00,0.58,0.00,0.58,
0.00,0.58,0.00,0.58,
0.00,0.58,0.00,0.58,
0.00,0.58,0.00,0.58,
0.00,0.58,0.00,0.58,
0.00,0.58,0.00,0.58,
0.00,0.58,0.00,0.58,
0.00,0.58,0.00,0.58,
0.00,0.58,0.00,0.58,
0.00,0.59,0.00,0.59,
0.00,0.59,0.00,0.59,
0.00,0.59,0.00,0.59,
0.00,0.59,0.00,0.59,
0.00,0.59,0.00,0.59,
0.00,0.59,0.00,0.59,
0.00,0.59,0.00,0.59,
0.00,0.59,0.00,0.59,
0.00,0.59,0.00,0.59,
0.00,0.59,0.00,0.59,
0.00,0.59,0.00,0.59,
0.00,0.59,0.00,0.59,
0.00,0.60,0.00,0.60,
0.00,0.60,0.00,0.60,
0.00,0.60,0.00,0.60,
0.00,0.60,0.00,0.60,
0.00,0.60,0.00,0.60,
0.00,0.60,0.00,0.60,
0.00,0.60,0.00,0.60,
0.00,0.60,0.00,0.60,
0.00,0.60,0.00,0.60,
0.00,0.60,0.00,0.60,
0.00,0.60,0.00,0.60,
0.00,0.60,0.00,0.60,
0.00,0.60,0.00,0.60,
0.00,0.60,0.00,0.60,
0.00,0.60,0.00,0.60,
0.00,0.60,0.00,0.60,
0.00,0.61,0.00,0.61,
0.00,0.61,0.00,0.61,
0.00,0.61,0.00,0.61,
0.00,0.61,0.00,0.61,
0.00,0.61,0.00,0.61,
0.00,0.61,0.00,0.61,
0.00,0.61,0.00,0.61,
0.00,0.61,0.00,0.61,
0.00,0.61,0.00,0.61,
0.00,0.61,0.00,0.61,
0.00,0.61,0.00,0.61,
0.00,0.61,0.00,0.61,
0.00,0.61,0.00,0.61,
0.00,0.61,0.00,0.61,
0.00,0.61,0.00,0.61,
0.00,0.61,0.00,0.61,
0.00,0.61,0.00,0.61,
0.00,0.61,0.00,0.61,
0.00,0.61,0.00,0.61,
0.00,0.61,0.00,0.61,
0.00,0.61,0.00,0.61,
0.00,0.61,0.00,0.61,
0.00,0.61,0.00,0.61,
0.00,0.61,0.00,0.61,
0.00,0.61,0.00,0.61,
0.00,0.61,0.00,0.61,
0.00,0.61,0.00,0.61,
0.00,0.61,0.00,0.61,
0.00,0.61,0.00,0.61,
0.00,0.61,0.00,0.61,
0.00,0.62,0.00,0.62,
0.00,0.62,0.00,0.62,
0.00,0.62,0.00,0.62,
0.00,0.62,0.00,0.62,
0.00,0.62,0.00,0.62,
0.00,0.62,0.00,0.62,
0.00,0.62,0.00,0.62,
0.00,0.62,0.00,0.62,
0.00,0.62,0.00,0.62,
0.00,0.62,0.00,0.62,
0.00,0.62,0.00,0.62,
0.00,0.62,0.00,0.62,
0.00,0.62,0.00,0.62,
0.00,0.62,0.00,0.62,
0.00,0.62,0.00,0.62,
0.00,0.62,0.00,0.62,
0.00,0.62,0.00,0.62,
0.00,0.62,0.00,0.62,
0.00,0.62,0.00,0.62,
0.00,0.62,0.00,0.62,
0.00,0.62,0.00,0.62,
0.00,0.62,0.00,0.62,
0.00,0.62,0.00,0.62,
0.00,0.62,0.00,0.62,
0.00,0.62,0.00,0.62,
0.00,0.62,0.00,0.62,
0.00,0.62,0.00,0.62,
0.00,0.62,0.00,0.62,
0.00,0.62,0.00,0.62,
0.00,0.62,0.00,0.62,
0.00,0.62,0.00,0.62,
0.00,0.62,0.00,0.62,
0.00,0.62,0.00,0.62,
0.00,0.62,0.00,0.62,
0.00,0.62,0.00,0.62,
0.00,0.61,0.00,0.61,
0.00,0.61,0.00,0.61,
0.00,0.61,0.00,0.61,
0.00,0.61,0.00,0.61,
0.00,0.61,0.00,0.61,
0.00,0.61,0.00,0.61,
0.00,0.61,0.00,0.61,
0.00,0.61,0.00,0.61,
0.00,0.61,0.00,0.61,
0.00,0.61,0.00,0.61,
0.00,0.61,0.00,0.61,
0.00,0.61,0.00,0.61,
0.00,0.61,0.00,0.61,
0.00,0.61,0.00,0.61,
0.00,0.61,0.00,0.61,
0.00,0.61,0.00,0.61,
0.00,0.61,0.00,0.61,
0.00,0.61,0.00,0.61,
0.00,0.61,0.00,0.61,
0.00,0.61,0.00,0.61,
0.00,0.61,0.00,0.61,
0.00,0.61,0.00,0.61,
0.00,0.61,0.00,0.61,
0.00,0.61,0.00,0.61,
0.00,0.61,0.00,0.61,
0.00,0.61,0.00,0.61,
0.00,0.61,0.00,0.61,
0.00,0.61,0.00,0.61,
0.00,0.61,0.00,0.61,
0.00,0.61,0.00,0.61,
0.00,0.61,0.00,0.61,
0.00,0.61,0.00,0.61,
0.00,0.61,0.00,0.61,
0.00,0.61,0.00,0.61,
0.00,0.61,0.00,0.61,
0.00,0.61,0.00,0.61,
0.00,0.61,0.00,0.61,
0.00,0.61,0.00,0.61,
0.00,0.60,0.00,0.60,
0.00,0.60,0.00,0.60,
0.00,0.60,0.00,0.60,
0.00,0.60,0.00,0.60,
0.00,0.60,0.00,0.60,
0.00,0.60,0.00,0.60,
0.00,0.60,0.00,0.60,
0.00,0.60,0.00,0.60,
0.00,0.60,0.00,0.60,
0.00,0.60,0.00,0.60,
0.00,0.60,0.00,0.60,
0.00,0.60,0.00,0.60,
0.00,0.60,0.00,0.60,
0.00,0.60,0.00,0.60,
0.00,0.60,0.00,0.60,
0.00,0.60,0.00,0.60,
0.00,0.60,0.00,0.60,
0.00,0.60,0.00,0.60,
0.00,0.60,0.00,0.60,
0.00,0.60,0.00,0.60,
0.00,0.60,0.00,0.60,
0.00,0.60,0.00,0.60,
0.00,0.60,0.00,0.60,
0.00,0.60,0.00,0.60,
0.00,0.59,0.00,0.59,
0.00,0.59,0.00,0.59,
0.00,0.59,0.00,0.59,
0.00,0.59,0.00,0.59,
0.00,0.59,0.00,0.59,
0.00,0.59,0.00,0.59,
0.00,0.59,0.00,0.59,
0.00,0.59,0.00,0.59,
0.00,0.59,0.00,0.59,
0.00,0.59,0.00,0.59,
0.00,0.59,0.00,0.59,
0.00,0.59,0.00,0.59,
0.00,0.59,0.00,0.59,
0.00,0.59,0.00,0.59,
0.00,0.59,0.00,0.59,
0.00,0.59,0.00,0.59,
0.00,0.59,0.00,0.59,
0.00,0.59,0.00,0.59,
0.00,0.59,0.00,0.59,
0.00,0.59,0.00,0.59,
0.00,0.58,0.00,0.58,
0.00,0.58,0.00,0.58,
0.00,0.58,0.00,0.58,
0.00,0.58,0.00,0.58,
0.00,0.58,0.00,0.58,
0.00,0.58,0.00,0.58,
0.00,0.58,0.00,0.58,
0.00,0.58,0.00,0.58,
0.00,0.58,0.00,0.58,
0.00,0.58,0.00,0.58,
0.00,0.58,0.00,0.58,
0.00,0.58,0.00,0.58,
0.00,0.58,0.00,0.58,
0.00,0.58,0.00,0.58,
0.00,0.58,0.00,0.58,
0.00,0.58,0.00,0.58,
0.00,0.58,0.00,0.58,
0.00,0.58,0.00,0.58,
0.00,0.58,0.00,0.58,
0.00,0.57,0.00,0.57,
0.00,0.57,0.00,0.57,
0.00,0.57,0.00,0.57,
0.00,0.57,0.00,0.57,
0.00,0.57,0.00,0.57,
0.00,0.57,0.00,0.57,
0.00,0.57,0.00,0.57,
0.00,0.57,0.00,0.57,
0.00,0.57,0.00,0.57,
0.00,0.57,0.00,0.57,
0.00,0.57,0.00,0.57,
0.00,0.57,0.00,0.57,
0.00,0.57,0.00,0.57,
0.00,0.57,0.00,0.57,
0.00,0.57,0.00,0.57,
0.00,0.57,0.00,0.57,
0.00,0.57,0.00,0.57,
0.00,0.56,0.00,0.56,
0.00,0.56,0.00,0.56,
0.00,0.56,0.00,0.56,
0.00,0.56,0.00,0.56,
0.00,0.56,0.00,0.56,
0.00,0.56,0.00,0.56,
0.00,0.56,0.00,0.56,
0.00,0.56,0.00,0.56,
0.00,0.56,0.00,0.56,
0.00,0.56,0.00,0.56,
0.00,0.56,0.00,0.56,
0.00,0.56,0.00,0.56,
0.00,0.56,0.00,0.56,
0.00,0.56,0.00,0.56,
0.00,0.56,0.00,0.56,
0.00,0.56,0.00,0.56,
0.00,0.56,0.00,0.56,
0.00,0.55,0.00,0.55,
0.00,0.55,0.00,0.55,
0.00,0.55,0.00,0.55,
0.00,0.55,0.00,0.55,
0.00,0.55,0.00,0.55,
0.00,0.55,0.00,0.55,
0.00,0.55,0.00,0.55,
0.00,0.55,0.00,0.55,
0.00,0.55,0.00,0.55,
0.00,0.55,0.00,0.55,
0.00,0.55,0.00,0.55,
0.00,0.55,0.00,0.55,
0.00,0.55,0.00,0.55,
0.00,0.55,0.00,0.55,
0.00,0.55,0.00,0.55,
0.00,0.55,0.00,0.55,
0.00,0.54,0.00,0.54,
0.00,0.54,0.00,0.54,
0.00,0.54,0.00,0.54,
0.00,0.54,0.00,0.54,
0.00,0.54,0.00,0.54,
0.00,0.54,0.00,0.54,
0.00,0.54,0.00,0.54,
0.00,0.54,0.00,0.54,
0.00,0.54,0.00,0.54,
0.00,0.54,0.00,0.54,
0.00,0.54,0.00,0.54,
0.00,0.54,0.00,0.54,
0.00,0.54,0.00,0.54,
0.00,0.54,0.00,0.54,
0.00,0.54,0.00,0.54,
0.00,0.54,0.00,0.54,
0.00,0.53,0.00,0.53,
0.00,0.53,0.00,0.53,
0.00,0.53,0.00,0.53,
0.00,0.53,0.00,0.53,
0.00,0.53,0.00,0.53,
0.00,0.53,0.00,0.53,
0.00,0.53,0.00,0.53,
0.00,0.53,0.00,0.53,
0.00,0.53,0.00,0.53,
0.00,0.53,0.00,0.53,
0.00,0.53,0.00,0.53,
0.00,0.53,0.00,0.53,
0.00,0.53,0.00,0.53,
0.00,0.53,0.00,0.53,
0.00,0.53,0.00,0.53,
0.00,0.53,0.00,0.53,
0.00,0.52,0.00,0.52,
0.00,0.52,0.00,0.52,
0.00,0.52,0.00,0.52,
0.00,0.52,0.00,0.52,
0.00,0.52,0.00,0.52,
0.00,0.52,0.00,0.52,
0.00,0.52,0.00,0.52,
0.00,0.52,0.00,0.52,
0.00,0.52,0.00,0.52,
0.00,0.52,0.00,0.52,
0.00,0.52,0.00,0.52,
0.00,0.52,0.00,0.52,
0.00,0.52,0.00,0.52,
0.00,0.52,0.00,0.52,
0.00,0.52,0.00,0.52,
0.00,0.52,0.00,0.52,
0.00,0.52,0.00,0.52,
0.00,0.51,0.00,0.51,
0.00,0.51,0.00,0.51,
0.00,0.51,0.00,0.51,
0.00,0.51,0.00,0.51,
0.00,0.51,0.00,0.51,
0.00,0.51,0.00,0.51,
0.00,0.51,0.00,0.51,
0.00,0.51,0.00,0.51,
0.00,0.51,0.00,0.51,
0.00,0.51,0.00,0.51,
0.00,0.51,0.00,0.51,
0.00,0.51,0.00,0.51,
0.00,0.51,0.00,0.51,
0.00,0.51,0.00,0.51,
0.00,0.51,0.00,0.51,
0.00,0.51,0.00,0.51,
0.00,0.50,0.00,0.50,
0.00,0.50,0.00,0.50,
0.00,0.50,0.00,0.50,
0.00,0.50,0.00,0.50,
0.00,0.50,0.00,0.50,
0.00,0.50,0.00,0.50,
0.00,0.50,0.00,0.50,
0.00,0.50,0.00,0.50,
0.00,0.50,0.00,0.50,
0.00,0.50,0.00,0.50,
0.00,0.50,0.00,0.50,
0.00,0.50,0.00,0.50,
0.00,0.50,0.00,0.50,
0.00,0.50,0.00,0.50,
0.00,0.50,0.00,0.50,
0.00,0.50,0.00,0.50,
0.00,0.49,0.00,0.49,
0.00,0.49,0.00,0.49,
0.00,0.49,0.00,0.49,
0.00,0.49,0.00,0.49,
0.00,0.49,0.00,0.49,
0.00,0.49,0.00,0.49,
0.00,0.49,0.00,0.49,
0.00,0.49,0.00,0.49,
0.00,0.49,0.00,0.49,
0.00,0.49,0.00,0.49,
0.00,0.49,0.00,0.49,
0.00,0.49,0.00,0.49,
0.00,0.49,0.00,0.49,
0.00,0.49,0.00,0.49,
0.00,0.49,0.00,0.49,
0.00,0.49,0.00,0.49,
0.00,0.49,0.00,0.49,
0.00,0.48,0.00,0.48,
0.00,0.48,0.00,0.48,
0.00,0.48,0.00,0.48,
0.00,0.48,0.00,0.48,
0.00,0.48,0.00,0.48,
0.00,0.48,0.00,0.48,
0.00,0.48,0.00,0.48,
0.00,0.48,0.00,0.48,
0.00,0.48,0.00,0.48,
0.00,0.48,0.00,0.48,
0.00,0.48,0.00,0.48,
0.00,0.48,0.00,0.48,
0.00,0.48,0.00,0.48,
0.00,0.48,0.00,0.48,
0.00,0.48,0.00,0.48,
0.00,0.48,0.00,0.48,
0.00,0.48,0.00,0.48,
0.00,0.47,0.00,0.47,
0.00,0.47,0.00,0.47,
0.00,0.47,0.00,0.47,
0.00,0.47,0.00,0.47,
0.00,0.47,0.00,0.47,
0.00,0.47,0.00,0.47,
0.00,0.47,0.00,0.47,
0.00,0.47,0.00,0.47,
0.00,0.47,0.00,0.47,
0.00,0.47,0.00,0.47,
0.00,0.47,0.00,0.47,
0.00,0.47,0.00,0.47,
0.00,0.47,0.00,0.47,
0.00,0.47,0.00,0.47,
0.00,0.47,0.00,0.47,
0.00,0.47,0.00,0.47,
0.00,0.47,0.00,0.47,
0.00,0.47,0.00,0.47,
0.00,0.46,0.00,0.46,
0.00,0.46,0.00,0.46,
0.00,0.46,0.00,0.46,
0.00,0.46,0.00,0.46,
0.00,0.46,0.00,0.46,
0.00,0.46,0.00,0.46,
0.00,0.46,0.00,0.46,
0.00,0.46,0.00,0.46,
0.00,0.46,0.00,0.46,
0.00,0.46,0.00,0.46,
0.00,0.46,0.00,0.46,
0.00,0.46,0.00,0.46,
0.00,0.46,0.00,0.46,
0.00,0.46,0.00,0.46,
0.00,0.46,0.00,0.46,
0.00,0.46,0.00,0.46,
0.00,0.46,0.00,0.46,
0.00,0.46,0.00,0.46,
0.00,0.45,0.00,0.45,
0.00,0.45,0.00,0.45,
0.00,0.45,0.00,0.45,
0.00,0.45,0.00,0.45,
0.00,0.45,0.00,0.45,
0.00,0.45,0.00,0.45,
0.00,0.45,0.00,0.45,
0.00,0.45,0.00,0.45,
0.00,0.45,0.00,0.45,
0.00,0.45,0.00,0.45,
0.00,0.45,0.00,0.45,
0.00,0.45,0.00,0.45,
0.00,0.45,0.00,0.45,
0.00,0.45,0.00,0.45,
0.00,0.45,0.00,0.45,
0.00,0.45,0.00,0.45,
0.00,0.45,0.00,0.45,
0.00,0.45,0.00,0.45,
0.00,0.45,0.00,0.45,
0.00,0.44,0.00,0.44,
0.00,0.44,0.00,0.44,
0.00,0.44,0.00,0.44,
0.00,0.44,0.00,0.44,
0.00,0.44,0.00,0.44,
0.00,0.44,0.00,0.44,
0.00,0.44,0.00,0.44,
0.00,0.44,0.00,0.44,
0.00,0.44,0.00,0.44,
0.00,0.44,0.00,0.44,
0.00,0.44,0.00,0.44,
0.00,0.44,0.00,0.44,
0.00,0.44,0.00,0.44,
0.00,0.44,0.00,0.44,
0.00,0.44,0.00,0.44,
0.00,0.44,0.00,0.44,
0.00,0.44,0.00,0.44,
0.00,0.44,0.00,0.44,
0.00,0.44,0.00,0.44,
0.00,0.44,0.00,0.44,
0.00,0.43,0.00,0.43,
0.00,0.43,0.00,0.43,
0.00,0.43,0.00,0.43,
0.00,0.43,0.00,0.43,
0.00,0.43,0.00,0.43,
0.00,0.43,0.00,0.43,
0.00,0.43,0.00,0.43,
0.00,0.43,0.00,0.43,
0.00,0.43,0.00,0.43,
0.00,0.43,0.00,0.43,
0.00,0.43,0.00,0.43,
0.00,0.43,0.00,0.43,
0.00,0.43,0.00,0.43,
0.00,0.43,0.00,0.43,
0.00,0.43,0.00,0.43,
0.00,0.43,0.00,0.43,
0.00,0.43,0.00,0.43,
0.00,0.43,0.00,0.43,
0.00,0.43,0.00,0.43,
0.00,0.43,0.00,0.43,
0.00,0.43,0.00,0.43,
0.00,0.42,0.00,0.42,
0.00,0.42,0.00,0.42,
0.00,0.42,0.00,0.42,
0.00,0.42,0.00,0.42,
0.00,0.42,0.00,0.42,
0.00,0.42,0.00,0.42,
0.00,0.42,0.00,0.42,
0.00,0.42,0.00,0.42,
0.00,0.42,0.00,0.42,
0.00,0.42,0.00,0.42,
0.00,0.42,0.00,0.42,
0.00,0.42,0.00,0.42,
0.00,0.42,0.00,0.42,
0.00,0.42,0.00,0.42,
0.00,0.42,0.00,0.42,
0.00,0.42,0.00,0.42,
0.00,0.42,0.00,0.42,
0.00,0.42,0.00,0.42,
0.00,0.42,0.00,0.42,
0.00,0.42,0.00,0.42,
0.00,0.42,0.00,0.42,
0.00,0.42,0.00,0.42,
0.00,0.41,0.00,0.41,
0.00,0.41,0.00,0.41,
0.00,0.41,0.00,0.41,
0.00,0.41,0.00,0.41,
0.00,0.41,0.00,0.41,
0.00,0.41,0.00,0.41,
0.00,0.41,0.00,0.41,
0.00,0.41,0.00,0.41,
0.00,0.41,0.00,0.41,
0.00,0.41,0.00,0.41,
0.00,0.41,0.00,0.41,
0.00,0.41,0.00,0.41,
0.00,0.41,0.00,0.41,
0.00,0.41,0.00,0.41,
0.00,0.41,0.00,0.41,
0.00,0.41,0.00,0.41,
0.00,0.41,0.00,0.41,
0.00,0.41,0.00,0.41,
0.00,0.41,0.00,0.41,
0.00,0.41,0.00,0.41,
0.00,0.41,0.00,0.41,
0.00,0.41,0.00,0.41,
0.00,0.41,0.00,0.41,
0.00,0.40,0.00,0.40,
0.00,0.40,0.00,0.40,
0.00,0.40,0.00,0.40,
0.00,0.40,0.00,0.40,
0.00,0.40,0.00,0.40,
0.00,0.40,0.00,0.40,
0.00,0.40,0.00,0.40,
0.00,0.40,0.00,0.40,
0.00,0.40,0.00,0.40,
0.00,0.40,0.00,0.40,
0.00,0.40,0.00,0.40,
0.00,0.40,0.00,0.40,
0.00,0.40,0.00,0.40,
0.00,0.40,0.00,0.40,
0.00,0.40,0.00,0.40,
0.00,0.40,0.00,0.40,
0.00,0.40,0.00,0.40,
0.00,0.40,0.00,0.40,
0.00,0.40,0.00,0.40,
0.00,0.40,0.00,0.40,
0.00,0.40,0.00,0.40,
0.00,0.40,0.00,0.40,
0.00,0.40,0.00,0.40,
0.00,0.40,0.00,0.40,
0.00,0.40,0.00,0.40,
0.00,0.39,0.00,0.39,
0.00,0.39,0.00,0.39,
0.00,0.39,0.00,0.39,
0.00,0.39,0.00,0.39,
0.00,0.39,0.00,0.39,
0.00,0.39,0.00,0.39,
0.00,0.39,0.00,0.39,
0.00,0.39,0.00,0.39,
0.00,0.39,0.00,0.39,
0.00,0.39,0.00,0.39,
0.00,0.39,0.00,0.39,
0.00,0.39,0.00,0.39,
0.00,0.39,0.00,0.39,
0.00,0.39,0.00,0.39,
0.00,0.39,0.00,0.39,
0.00,0.39,0.00,0.39,
0.00,0.39,0.00,0.39,
0.00,0.39,0.00,0.39,
0.00,0.39,0.00,0.39,
0.00,0.39,0.00,0.39,
0.00,0.39,0.00,0.39,
0.00,0.39,0.00,0.39,
0.00,0.39,0.00,0.39,
0.00,0.39,0.00,0.39,
0.00,0.39,0.00,0.39,
0.00,0.39,0.00,0.39,
0.00,0.38,0.00,0.38,
0.00,0.38,0.00,0.38,
0.00,0.38,0.00,0.38,
0.00,0.38,0.00,0.38,
0.00,0.38,0.00,0.38,
0.00,0.38,0.00,0.38,
0.00,0.38,0.00,0.38,
0.00,0.38,0.00,0.38,
0.00,0.38,0.00,0.38,
0.00,0.38,0.00,0.38,
0.00,0.38,0.00,0.38,
0.00,0.38,0.00,0.38,
0.00,0.38,0.00,0.38,
0.00,0.38,0.00,0.38,
0.00,0.38,0.00,0.38,
0.00,0.38,0.00,0.38,
0.00,0.38,0.00,0.38,
0.00,0.38,0.00,0.38,
0.00,0.38,0.00,0.38,
0.00,0.38,0.00,0.38,
0.00,0.38,0.00,0.38,
0.00,0.38,0.00,0.38,
0.00,0.38,0.00,0.38,
0.00,0.38,0.00,0.38,
0.00,0.38,0.00,0.38,
0.00,0.38,0.00,0.38,
0.00,0.38,0.00,0.38,
0.00,0.38,0.00,0.38,
0.00,0.38,0.00,0.38,
0.00,0.37,0.00,0.37,
0.00,0.37,0.00,0.37,
0.00,0.37,0.00,0.37,
0.00,0.37,0.00,0.37,
0.00,0.37,0.00,0.37,
0.00,0.37,0.00,0.37,
0.00,0.37,0.00,0.37,
0.00,0.37,0.00,0.37,
0.00,0.37,0.00,0.37,
0.00,0.37,0.00,0.37,
0.00,0.37,0.00,0.37,
0.00,0.37,0.00,0.37,
0.00,0.37,0.00,0.37,
0.00,0.37,0.00,0.37,
0.00,0.37,0.00,0.37,
0.00,0.37,0.00,0.37,
0.00,0.37,0.00,0.37,
0.00,0.37,0.00,0.37,
0.00,0.37,0.00,0.37,
0.00,0.37,0.00,0.37,
0.00,0.37,0.00,0.37,
0.00,0.37,0.00,0.37,
0.00,0.37,0.00,0.37,
0.00,0.37,0.00,0.37,
0.00,0.37,0.00,0.37,
0.00,0.37,0.00,0.37,
0.00,0.37,0.00,0.37,
0.00,0.37,0.00,0.37,
0.00,0.37,0.00,0.37,
0.00,0.37,0.00,0.37,
0.00,0.37,0.00,0.37,
0.00,0.37,0.00,0.37,
0.00,0.36,0.00,0.36,
0.00,0.36,0.00,0.36,
0.00,0.36,0.00,0.36,
0.00,0.36,0.00,0.36,
0.00,0.36,0.00,0.36,
0.00,0.36,0.00,0.36,
0.00,0.36,0.00,0.36,
0.00,0.36,0.00,0.36,
0.00,0.36,0.00,0.36,
0.00,0.36,0.00,0.36,
0.00,0.36,0.00,0.36,
0.00,0.36,0.00,0.36,
0.00,0.36,0.00,0.36,
0.00,0.36,0.00,0.36,
0.00,0.36,0.00,0.36,
0.00,0.36,0.00,0.36,
0.00,0.36,0.00,0.36,
0.00,0.36,0.00,0.36,
0.00,0.36,0.00,0.36,
0.00,0.36,0.00,0.36,
0.00,0.36,0.00,0.36,
0.00,0.36,0.00,0.36,
0.00,0.36,0.00,0.36,
0.00,0.36,0.00,0.36,
0.00,0.36,0.00,0.36,
0.00,0.36,0.00,0.36,
0.00,0.36,0.00,0.36,
0.00,0.36,0.00,0.36,
0.00,0.36,0.00,0.36,
0.00,0.36,0.00,0.36,
0.00,0.36,0.00,0.36,
0.00,0.36,0.00,0.36,
0.00,0.36,0.00,0.36,
0.00,0.36,0.00,0.36,
0.00,0.36,0.00,0.36,
0.00,0.36,0.00,0.36,
0.00,0.35,0.00,0.35,
0.00,0.35,0.00,0.35,
0.00,0.35,0.00,0.35,
0.00,0.35,0.00,0.35,
0.00,0.35,0.00,0.35,
0.00,0.35,0.00,0.35,
0.00,0.35,0.00,0.35,
0.00,0.35,0.00,0.35,
0.00,0.35,0.00,0.35,
0.00,0.35,0.00,0.35,
0.00,0.35,0.00,0.35,
0.00,0.35,0.00,0.35,
0.00,0.35,0.00,0.35,
0.00,0.35,0.00,0.35,
0.00,0.35,0.00,0.35,
0.00,0.35,0.00,0.35,
0.00,0.35,0.00,0.35,
0.00,0.35,0.00,0.35,
0.00,0.35,0.00,0.35,
0.00,0.35,0.00,0.35,
0.00,0.35,0.00,0.35,
0.00,0.35,0.00,0.35,
0.00,0.35,0.00,0.35,
0.00,0.35,0.00,0.35,
0.00,0.35,0.00,0.35,
0.00,0.35,0.00,0.35,
0.00,0.35,0.00,0.35,
0.00,0.35,0.00,0.35,
0.00,0.35,0.00,0.35,
0.00,0.35,0.00,0.35,
0.00,0.35,0.00,0.35,
0.00,0.35,0.00,0.35,
0.00,0.35,0.00,0.35,
0.00,0.35,0.00,0.35,
0.00,0.35,0.00,0.35,
0.00,0.35,0.00,0.35,
0.00,0.35,0.00,0.35,
0.00,0.35,0.00,0.35,
0.00,0.35,0.00,0.35,
0.00,0.35,0.00,0.35,
0.00,0.35,0.00,0.35,
0.00,0.34,0.00,0.34,
0.00,0.34,0.00,0.34,
0.00,0.34,0.00,0.34,
0.00,0.34,0.00,0.34,
0.00,0.34,0.00,0.34,
0.00,0.34,0.00,0.34,
0.00,0.34,0.00,0.34,
0.00,0.34,0.00,0.34,
0.00,0.34,0.00,0.34,
0.00,0.34,0.00,0.34,
0.00,0.34,0.00,0.34,
0.00,0.34,0.00,0.34,
0.00,0.34,0.00,0.34,
0.00,0.34,0.00,0.34,
0.00,0.34,0.00,0.34,
0.00,0.34,0.00,0.34,
0.00,0.34,0.00,0.34,
0.00,0.34,0.00,0.34,
0.00,0.34,0.00,0.34,
0.00,0.34,0.00,0.34,
0.00,0.34,0.00,0.34,
0.00,0.34,0.00,0.34,
0.00,0.34,0.00,0.34,
0.00,0.34,0.00,0.34,
0.00,0.34,0.00,0.34,
0.00,0.34,0.00,0.34,
0.00,0.34,0.00,0.34,
0.00,0.34,0.00,0.34,
0.00,0.34,0.00,0.34,
0.00,0.34,0.00,0.34,
0.00,0.34,0.00,0.34,
0.00,0.34,0.00,0.34,
0.00,0.34,0.00,0.34,
0.00,0.34,0.00,0.34,
0.00,0.34,0.00,0.34,
0.00,0.34,0.00,0.34,
0.00,0.34,0.00,0.34,
0.00,0.34,0.00,0.34,
0.00,0.34,0.00,0.34,
0.00,0.34,0.00,0.34,
0.00,0.34,0.00,0.34,
0.00,0.34,0.00,0.34,
0.00,0.34,0.00,0.34,
0.00,0.34,0.00,0.34,
0.00,0.34,0.00,0.34,
0.00,0.34,0.00,0.34,
0.00,0.34,0.00,0.34,
0.00,0.33,0.00,0.33,
0.00,0.33,0.00,0.33,
0.00,0.33,0.00,0.33,
0.00,0.33,0.00,0.33,
0.00,0.33,0.00,0.33,
0.00,0.33,0.00,0.33,
0.00,0.33,0.00,0.33,
0.00,0.33,0.00,0.33,
0.00,0.33,0.00,0.33,
0.00,0.33,0.00,0.33,
0.00,0.33,0.00,0.33,
0.00,0.33,0.00,0.33,
0.00,0.33,0.00,0.33,
0.00,0.33,0.00,0.33,
0.00,0.33,0.00,0.33,
0.00,0.33,0.00,0.33,
0.00,0.33,0.00,0.33,
0.00,0.33,0.00,0.33,
0.00,0.33,0.00,0.33,
0.00,0.33,0.00,0.33,
0.00,0.33,0.00,0.33,
0.00,0.33,0.00,0.33,
0.00,0.33,0.00,0.33,
0.00,0.33,0.00,0.33,
0.00,0.33,0.00,0.33,
0.00,0.33,0.00,0.33,
0.00,0.33,0.00,0.33,
0.00,0.33,0.00,0.33,
0.00,0.33,0.00,0.33,
0.00,0.33,0.00,0.33,
0.00,0.33,0.00,0.33,
0.00,0.33,0.00,0.33,
0.00,0.33,0.00,0.33,
0.00,0.33,0.00,0.33,
0.00,0.33,0.00,0.33,
0.00,0.33,0.00,0.33,
0.00,0.33,0.00,0.33,
0.00,0.33,0.00,0.33,
0.00,0.33,0.00,0.33,
0.00,0.33,0.00,0.33,
0.00,0.33,0.00,0.33,
0.00,0.33,0.00,0.33,
0.00,0.33,0.00,0.33,
0.00,0.33,0.00,0.33,
0.00,0.33,0.00,0.33,
0.00,0.33,0.00,0.33,
0.00,0.33,0.00,0.33,
0.00,0.33,0.00,0.33,
0.00,0.33,0.00,0.33,
0.00,0.33,0.00,0.33,
0.00,0.33,0.00,0.33,
0.00,0.33,0.00,0.33,
0.00,0.33,0.00,0.33,
0.00,0.33,0.00,0.33,
0.00,0.33,0.00,0.33,
0.00,0.33,0.00,0.33,
0.00,0.33,0.00,0.33,
0.00,0.32,0.00,0.32,
0.00,0.32,0.00,0.32,
0.00,0.32,0.00,0.32,
0.00,0.32,0.00,0.32,
0.00,0.32,0.00,0.32,
0.00,0.32,0.00,0.32,
0.00,0.32,0.00,0.32,
0.00,0.32,0.00,0.32,
0.00,0.32,0.00,0.32,
0.00,0.32,0.00,0.32,
0.00,0.32,0.00,0.32,
0.00,0.32,0.00,0.32,
0.00,0.32,0.00,0.32,
0.00,0.32,0.00,0.32,
0.00,0.32,0.00,0.32,
0.00,0.32,0.00,0.32,
0.00,0.32,0.00,0.32,
0.00,0.32,0.00,0.32,
0.00,0.32,0.00,0.32,
0.00,0.32,0.00,0.32,
0.00,0.32,0.00,0.32,
0.00,0.32,0.00,0.32,
0.00,0.32,0.00,0.32,
0.00,0.32,0.00,0.32,
0.00,0.32,0.00,0.32,
0.00,0.32,0.00,0.32,
0.00,0.32,0.00,0.32,
0.00,0.32,0.00,0.32,
0.00,0.32,0.00,0.32,
0.00,0.32,0.00,0.32,
0.00,0.32,0.00,0.32,
0.00,0.32,0.00,0.32,
0.00,0.32,0.00,0.32,
0.00,0.32,0.00,0.32,
0.00,0.32,0.00,0.32,
0.00,0.32,0.00,0.32,
0.00,0.32,0.00,0.32,
0.00,0.32,0.00,0.32,
0.00,0.32,0.00,0.32,
0.00,0.32,0.00,0.32,
0.00,0.32,0.00,0.32,
0.00,0.32,0.00,0.32,
0.00,0.32,0.00,0.32,
0.00,0.32,0.00,0.32,
0.00,0.32,0.00,0.32,
0.00,0.32,0.00,0.32,
0.00,0.32,0.00,0.32,
0.00,0.32,0.00,0.32,
0.00,0.32,0.00,0.32,
0.00,0.32,0.00,0.32,
0.00,0.32,0.00,0.32,
0.00,0.32,0.00,0.32,
0.00,0.32,0.00,0.32,
0.00,0.32,0.00,0.32,
0.00,0.32,0.00,0.32,
0.00,0.32,0.00,0.32,
0.00,0.32,0.00,0.32,
0.00,0.32,0.00,0.32,
0.00,0.32,0.00,0.32,
0.00,0.32,0.00,0.32,
0.00,0.32,0.00,0.32,
0.00,0.32,0.00,0.32,
0.00,0.32,0.00,0.32,
0.00,0.32,0.00,0.32,
0.00,0.32,0.00,0.32,
0.00,0.32,0.00,0.32,
0.00,0.32,0.00,0.32,
0.00,0.32,0.00,0.32,
0.00,0.32,0.00,0.32,
0.00,0.32,0.00,0.32,
0.00,0.32,0.00,0.32,
0.00,0.32,0.00,0.32,
0.00,0.32,0.00,0.32,
0.00,0.31,0.00,0.31,
0.00,0.31,0.00,0.31,
0.00,0.31,0.00,0.31,
0.00,0.31,0.00,0.31,
0.00,0.31,0.00,0.31,
0.00,0.31,0.00,0.31,
0.00,0.31,0.00,0.31,
0.00,0.31,0.00,0.31,
0.00,0.31,0.00,0.31,
0.00,0.31,0.00,0.31,
0.00,0.31,0.00,0.31,
0.00,0.31,0.00,0.31,
0.00,0.31,0.00,0.31,
0.00,0.31,0.00,0.31,
0.00,0.31,0.00,0.31,
0.00,0.31,0.00,0.31,
0.00,0.31,0.00,0.31,
0.00,0.31,0.00,0.31,
0.00,0.31,0.00,0.31,
0.00,0.31,0.00,0.31,
0.00,0.31,0.00,0.31,
0.00,0.31,0.00,0.31,
0.00,0.31,0.00,0.31,
0.00,0.31,0.00,0.31,
0.00,0.31,0.00,0.31,
0.00,0.31,0.00,0.31,
0.00,0.31,0.00,0.31,
0.00,0.31,0.00,0.31,
0.00,0.31,0.00,0.31,
0.00,0.31,0.00,0.31,
0.00,0.31,0.00,0.31,
0.00,0.31,0.00,0.31,
0.00,0.31,0.00,0.31,
0.00,0.31,0.00,0.31,
0.00,0.31,0.00,0.31,
0.00,0.31,0.00,0.31,
0.00,0.31,0.00,0.31,
0.00,0.31,0.00,0.31,
0.00,0.31,0.00,0.31,
0.00,0.31,0.00,0.31,
0.00,0.31,0.00,0.31,
0.00,0.31,0.00,0.31,
0.00,0.31,0.00,0.31,
0.00,0.31,0.00,0.31,
0.00,0.31,0.00,0.31,
0.00,0.31,0.00,0.31,
0.00,0.31,0.00,0.31,
0.00,0.31,0.00,0.31,
0.00,0.31,0.00,0.31,
0.00,0.31,0.00,0.31,
0.00,0.31,0.00,0.31,
0.00,0.31,0.00,0.31,
0.00,0.31,0.00,0.31,
0.00,0.31,0.00,0.31,
0.00,0.31,0.00,0.31,
0.00,0.31,0.00,0.31,
0.00,0.31,0.00,0.31,
0.00,0.31,0.00,0.31,
0.00,0.31,0.00,0.31,
0.00,0.31,0.00,0.31,
0.00,0.31,0.00,0.31,
0.00,0.31,0.00,0.31,
0.00,0.31,0.00,0.31,
0.00,0.31,0.00,0.31,
0.00,0.31,0.00,0.31,
0.00,0.31,0.00,0.31,
0.00,0.31,0.00,0.31,
0.00,0.31,0.00,0.31,
0.00,0.31,0.00,0.31,
0.00,0.31,0.00,0.31,
0.00,0.31,0.00,0.31,
0.00,0.31,0.00,0.31,
0.00,0.31,0.00,0.31,
0.00,0.31,0.00,0.31,
0.00,0.31,0.00,0.31,
0.00,0.31,0.00,0.31,
0.00,0.31,0.00,0.31,
0.00,0.31,0.00,0.31,
0.00,0.31,0.00,0.31,
0.00,0.31,0.00,0.31,
0.00,0.31,0.00,0.31,
0.00,0.31,0.00,0.31,
0.00,0.31,0.00,0.31,
0.00,0.31,0.00,0.31,
0.00,0.31,0.00,0.31,
0.00,0.31,0.00,0.31,
0.00,0.31,0.00,0.31,
0.00,0.31,0.00,0.31,
0.00,0.31,0.00,0.31,
0.00,0.31,0.00,0.31,
0.00,0.31,0.00,0.31,
0.00,0.31,0.00,0.31,
0.00,0.31,0.00,0.31,
0.00,0.31,0.00,0.31,
0.00,0.31,0.00,0.31,
0.00,0.31,0.00,0.31,
0.00,0.31,0.00,0.31,
0.00,0.31,0.00,0.31,
0.00,0.31,0.00,0.31,
0.00,0.31,0.00,0.31,
0.00,0.31,0.00,0.31,
0.00,0.30,0.00,0.30,
0.00,0.30,0.00,0.30,
0.00,0.30,0.00,0.30,
0.00,0.30,0.00,0.30,
0.00,0.30,0.00,0.30,
0.00,0.30,0.00,0.30,
0.00,0.30,0.00,0.30,
0.00,0.30,0.00,0.30,
0.00,0.30,0.00,0.30,
0.00,0.30,0.00,0.30,
0.00,0.30,0.00,0.30,
0.00,0.30,0.00,0.30,
0.00,0.30,0.00,0.30,
0.00,0.30,0.00,0.30,
0.00,0.30,0.00,0.30,
0.00,0.30,0.00,0.30,
0.00,0.30,0.00,0.30,
0.00,0.30,0.00,0.30,
0.00,0.30,0.00,0.30,
0.00,0.30,0.00,0.30,
0.00,0.30,0.00,0.30,
0.00,0.30,0.00,0.30,
0.00,0.30,0.00,0.30,
0.00,0.30,0.00,0.30,
0.00,0.30,0.00,0.30,
0.00,0.30,0.00,0.30,
0.00,0.30,0.00,0.30,
0.00,0.30,0.00,0.30,
0.00,0.30,0.00,0.30,
0.00,0.30,0.00,0.30,
0.00,0.30,0.00,0.30,
0.00,0.30,0.00,0.30,
0.00,0.30,0.00,0.30,
0.00,0.30,0.00,0.30,
0.00,0.30,0.00,0.30,
0.00,0.30,0.00,0.30,
0.00,0.30,0.00,0.30,
0.00,0.30,0.00,0.30,
0.00,0.30,0.00,0.30,
0.00,0.30,0.00,0.30,
0.00,0.30,0.00,0.30,
0.00,0.30,0.00,0.30,
0.00,0.30,0.00,0.30,
0.00,0.30,0.00,0.30,
0.00,0.30,0.00,0.30,
0.00,0.30,0.00,0.30,
0.00,0.30,0.00,0.30,
0.00,0.30,0.00,0.30,
0.00,0.30,0.00,0.30,
0.00,0.30,0.00,0.30,
0.00,0.30,0.00,0.30,
0.00,0.30,0.00,0.30,
0.00,0.30,0.00,0.30,
0.00,0.30,0.00,0.30,
0.00,0.30,0.00,0.30,
0.00,0.30,0.00,0.30,
0.00,0.30,0.00,0.30,
0.00,0.30,0.00,0.30,
0.00,0.30,0.00,0.30,
0.00,0.30,0.00,0.30,
0.00,0.30,0.00,0.30,
0.00,0.30,0.00,0.30,
0.00,0.30,0.00,0.30,
0.00,0.30,0.00,0.30,
0.00,0.30,0.00,0.30,
0.00,0.30,0.00,0.30,
0.00,0.30,0.00,0.30,
0.00,0.30,0.00,0.30,
0.00,0.30,0.00,0.30,
0.00,0.30,0.00,0.30,
0.00,0.30,0.00,0.30,
0.00,0.30,0.00,0.30,
0.00,0.30,0.00,0.30,
0.00,0.30,0.00,0.30,
0.00,0.30,0.00,0.30,
0.00,0.30,0.00,0.30,
0.00,0.30,0.00,0.30,
0.00,0.30,0.00,0.30,
0.00,0.30,0.00,0.30,
0.00,0.30,0.00,0.30,
0.00,0.30,0.00,0.30,
0.00,0.30,0.00,0.30,
0.00,0.30,0.00,0.30,
0.00,0.30,0.00,0.30,
0.00,0.30,0.00,0.30,
0.00,0.30,0.00,0.30,
0.00,0.30,0.00,0.30,
0.00,0.30,0.00,0.30,
0.00,0.30,0.00,0.30,
0.00,0.30,0.00,0.30,
0.00,0.30,0.00,0.30,
0.00,0.30,0.00,0.30,
0.00,0.30,0.00,0.30,
0.00,0.30,0.00,0.30,
0.00,0.30,0.00,0.30,
0.00,0.30,0.00,0.30,
0.00,0.30,0.00,0.30,
0.00,0.30,0.00,0.30,
0.00,0.30,0.00,0.30,
0.00,0.30,0.00,0.30,
0.00,0.30,0.00,0.30,
0.00,0.30,0.00,0.30,
0.00,0.30,0.00,0.30,
0.00,0.30,0.00,0.30,
0.00,0.30,0.00,0.30,
0.00,0.30,0.00,0.30,
0.00,0.30,0.00,0.30,
0.00,0.30,0.00,0.30,
0.00,0.30,0.00,0.30,
0.00,0.30,0.00,0.30,
0.00,0.30,0.00,0.30,
0.00,0.30,0.00,0.30,
0.00,0.30,0.00,0.30,
0.00,0.30,0.00,0.30,
0.00,0.30,0.00,0.30,
0.00,0.30,0.00,0.30,
0.00,0.30,0.00,0.30,
0.00,0.30,0.00,0.30,
0.00,0.30,0.00,0.30,
0.00,0.30,0.00,0.30,
0.00,0.30,0.00,0.30,
0.00,0.30,0.00,0.30,
0.00,0.30,0.00,0.30,
0.00,0.30,0.00,0.30,
0.00,0.30,0.00,0.30,
0.00,0.30,0.00,0.30,
0.00,0.30,0.00,0.30,
0.00,0.30,0.00,0.30,
0.00,0.30,0.00,0.30,
0.00,0.30,0.00,0.30,
0.00,0.30,0.00,0.30,
0.00,0.30,0.00,0.30,
0.00,0.30,0.00,0.30,
0.00,0.30,0.00,0.30,
0.00,0.30,0.00,0.30,
0.00,0.30,0.00,0.30,
0.00,0.30,0.00,0.30,
0.00,0.30,0.00,0.30,
0.00,0.30,0.00,0.30,
0.00,0.30,0.00,0.30,
0.00,0.30,0.00,0.30,
0.00,0.30,0.00,0.30,
0.00,0.30,0.00,0.30,
0.00,0.30,0.00,0.30,
0.00,0.30,0.00,0.30,
0.00,0.30,0.00,0.30,
0.00,0.30,0.00,0.30,
0.00,0.30,0.00,0.30,
0.00,0.30,0.00,0.30,
0.00,0.30,0.00,0.30,
0.00,0.30,0.00,0.30,
0.00,0.30,0.00,0.30,
0.00,0.30,0.00,0.30,
0.00,0.30,0.00,0.30,
0.00,0.30,0.00,0.30,
0.00,0.30,0.00,0.30,
0.00,0.30,0.00,0.30,
0.00,0.30,0.00,0.30,
0.00,0.30,0.00,0.30,
0.00,0.30,0.00,0.30,
0.00,0.30,0.00,0.30,
0.00,0.30,0.00,0.30,
0.00,0.30,0.00,0.30,
0.00,0.30,0.00,0.30,
0.00,0.30,0.00,0.30,
0.00,0.30,0.00,0.30,
0.00,0.30,0.00,0.30,
0.00,0.30,0.00,0.30,
0.00,0.30,0.00,0.30,
0.00,0.30,0.00,0.30,
0.00,0.30,0.00,0.30,
0.00,0.30,0.00,0.30,
0.00,0.30,0.00,0.30,
0.00,0.29,0.00,0.29,
0.00,0.29,0.00,0.29,
0.00,0.29,0.00,0.29,
0.00,0.29,0.00,0.29,
0.00,0.29,0.00,0.29,
0.00,0.29,0.00,0.29,
0.00,0.29,0.00,0.29,
0.00,0.29,0.00,0.29,
0.00,0.29,0.00,0.29,
0.00,0.29,0.00,0.29,
0.00,0.29,0.00,0.29,
0.00,0.29,0.00,0.29,
0.00,0.29,0.00,0.29,
0.00,0.29,0.00,0.29,
0.00,0.29,0.00,0.29,
0.00,0.29,0.00,0.29,
0.00,0.29,0.00,0.29,
0.00,0.29,0.00,0.29,
0.00,0.29,0.00,0.29,
0.00,0.29,0.00,0.29,
0.00,0.29,0.00,0.29,
0.00,0.29,0.00,0.29,
0.00,0.29,0.00,0.29,
0.00,0.29,0.00,0.29,
0.00,0.29,0.00,0.29,
0.00,0.29,0.00,0.29,
0.00,0.29,0.00,0.29,
0.00,0.29,0.00,0.29,
0.00,0.29,0.00,0.29,
0.00,0.29,0.00,0.29,
0.00,0.29,0.00,0.29,
0.00,0.29,0.00,0.29,
0.00,0.29,0.00,0.29,
0.00,0.29,0.00,0.29,
0.00,0.29,0.00,0.29,
0.00,0.29,0.00,0.29,
0.00,0.29,0.00,0.29,
0.00,0.29,0.00,0.29,
0.00,0.29,0.00,0.29,
0.00,0.29,0.00,0.29,
0.00,0.29,0.00,0.29,
0.00,0.29,0.00,0.29,
0.00,0.29,0.00,0.29,
0.00,0.29,0.00,0.29,
0.00,0.29,0.00,0.29,
0.00,0.29,0.00,0.29,
0.00,0.29,0.00,0.29,
0.00,0.29,0.00,0.29,
0.00,0.29,0.00,0.29,
0.00,0.29,0.00,0.29,
0.00,0.29,0.00,0.29,
0.00,0.29,0.00,0.29,
0.00,0.29,0.00,0.29,
0.00,0.29,0.00,0.29,
0.00,0.29,0.00,0.29,
0.00,0.29,0.00,0.29,
0.00,0.29,0.00,0.29,
0.00,0.29,0.00,0.29,
0.00,0.29,0.00,0.29,
0.00,0.29,0.00,0.29,
0.00,0.29,0.00,0.29,
0.00,0.29,0.00,0.29,
0.00,0.29,0.00,0.29,
0.00,0.29,0.00,0.29,
0.00,0.29,0.00,0.29,
0.00,0.29,0.00,0.29,
0.00,0.29,0.00,0.29,
0.00,0.29,0.00,0.29,
0.00,0.29,0.00,0.29,
0.00,0.29,0.00,0.29,
0.00,0.29,0.00,0.29,
0.00,0.29,0.00,0.29,
0.00,0.29,0.00,0.29,
0.00,0.29,0.00,0.29,
0.00,0.29,0.00,0.29,
0.00,0.29,0.00,0.29,
0.00,0.29,0.00,0.29,
0.00,0.29,0.00,0.29,
0.00,0.29,0.00,0.29,
0.00,0.29,0.00,0.29,
0.00,0.29,0.00,0.29,
0.00,0.29,0.00,0.29,
0.00,0.29,0.00,0.29,
0.00,0.29,0.00,0.29,
0.00,0.29,0.00,0.29,
0.00,0.29,0.00,0.29,
0.00,0.29,0.00,0.29,
0.00,0.29,0.00,0.29,
0.00,0.29,0.00,0.29,
0.00,0.29,0.00,0.29,
0.00,0.29,0.00,0.29,
0.00,0.29,0.00,0.29,
0.00,0.29,0.00,0.29,
0.00,0.29,0.00,0.29,
0.00,0.29,0.00,0.29,
0.00,0.29,0.00,0.29,
0.00,0.29,0.00,0.29,
0.00,0.29,0.00,0.29,
0.00,0.29,0.00,0.29,
0.00,0.29,0.00,0.29,
0.00,0.29,0.00,0.29,
0.00,0.29,0.00,0.29,
0.01,0.29,0.01,0.29,
0.01,0.29,0.01,0.29,
0.01,0.29,0.01,0.29,
0.01,0.29,0.01,0.29,
0.01,0.29,0.01,0.29,
0.01,0.29,0.01,0.29,
0.01,0.29,0.01,0.29,
0.01,0.29,0.01,0.29,
0.01,0.29,0.01,0.29,
0.01,0.29,0.01,0.29,
0.01,0.29,0.01,0.29,
0.01,0.29,0.01,0.29,
0.01,0.29,0.01,0.29,
0.01,0.29,0.01,0.29,
0.01,0.29,0.01,0.29,
0.01,0.29,0.01,0.29,
0.01,0.29,0.01,0.29,
0.01,0.29,0.01,0.29,
0.01,0.29,0.01,0.29,
0.01,0.29,0.01,0.29,
0.01,0.29,0.01,0.29,
0.01,0.29,0.01,0.29,
0.01,0.29,0.01,0.29,
0.01,0.29,0.01,0.29,
0.01,0.29,0.01,0.29,
0.01,0.29,0.01,0.29,
0.01,0.29,0.01,0.29,
0.02,0.28,0.02,0.28,
0.02,0.28,0.02,0.28,
0.02,0.28,0.02,0.28,
0.02,0.28,0.02,0.28,
0.02,0.28,0.02,0.28,
0.02,0.28,0.02,0.28,
0.02,0.28,0.02,0.28,
0.02,0.28,0.02,0.28,
0.02,0.28,0.02,0.28,
0.02,0.28,0.02,0.28,
0.02,0.28,0.02,0.28,
0.02,0.28,0.02,0.28,
0.02,0.28,0.02,0.28,
0.02,0.28,0.02,0.28,
0.02,0.28,0.02,0.28,
0.02,0.28,0.02,0.28,
0.02,0.28,0.02,0.28,
0.02,0.28,0.02,0.28,
0.02,0.28,0.02,0.28,
0.02,0.28,0.02,0.28,
0.02,0.28,0.02,0.28,
0.03,0.28,0.03,0.28,
0.03,0.28,0.03,0.28,
0.03,0.28,0.03,0.28,
0.03,0.28,0.03,0.28,
0.03,0.27,0.03,0.27,
0.03,0.27,0.03,0.27,
0.03,0.27,0.03,0.27,
0.03,0.27,0.03,0.27,
0.03,0.27,0.03,0.27,
0.03,0.27,0.03,0.27,
0.03,0.27,0.03,0.27,
0.03,0.27,0.03,0.27,
0.03,0.27,0.03,0.27,
0.03,0.27,0.03,0.27,
0.03,0.27,0.03,0.27,
0.03,0.27,0.03,0.27,
0.03,0.27,0.03,0.27,
0.04,0.27,0.04,0.27,
0.04,0.27,0.04,0.27,
0.04,0.27,0.04,0.27,
0.04,0.27,0.04,0.27,
0.04,0.26,0.04,0.26,
0.04,0.26,0.04,0.26,
0.04,0.26,0.04,0.26,
0.04,0.26,0.04,0.26,
0.04,0.26,0.04,0.26,
0.04,0.26,0.04,0.26,
0.04,0.26,0.04,0.26,
0.04,0.26,0.04,0.26,
0.04,0.26,0.04,0.26,
0.05,0.26,0.05,0.26,
0.05,0.26,0.05,0.26,
0.05,0.26,0.05,0.26,
0.05,0.26,0.05,0.26,
0.05,0.26,0.05,0.26,
0.05,0.25,0.05,0.25,
0.05,0.25,0.05,0.25,
0.05,0.25,0.05,0.25,
0.05,0.25,0.05,0.25,
0.05,0.25,0.05,0.25,
0.05,0.25,0.05,0.25,
0.05,0.25,0.05,0.25,
0.06,0.25,0.06,0.25,
0.06,0.25,0.06,0.25,
0.06,0.25,0.06,0.25,
0.06,0.25,0.06,0.25,
0.06,0.24,0.06,0.24,
0.06,0.24,0.06,0.24,
0.06,0.24,0.06,0.24,
0.06,0.24,0.06,0.24,
0.06,0.24,0.06,0.24,
0.07,0.24,0.07,0.24,
0.07,0.24,0.07,0.24,
0.07,0.24,0.07,0.24,
0.07,0.24,0.07,0.24,
0.07,0.24,0.07,0.24,
0.07,0.23,0.07,0.23,
0.07,0.23,0.07,0.23,
0.07,0.23,0.07,0.23,
0.07,0.23,0.07,0.23,
0.08,0.23,0.08,0.23,
0.08,0.23,0.08,0.23,
0.08,0.23,0.08,0.23,
0.08,0.23,0.08,0.23,
0.08,0.22,0.08,0.22,
0.08,0.22,0.08,0.22,
0.08,0.22,0.08,0.22,
0.08,0.22,0.08,0.22,
0.09,0.22,0.09,0.22,
0.09,0.22,0.09,0.22,
0.09,0.22,0.09,0.22,
0.09,0.22,0.09,0.22,
0.09,0.21,0.09,0.21,
0.09,0.21,0.09,0.21,
0.09,0.21,0.09,0.21,
0.10,0.21,0.10,0.21,
0.10,0.21,0.10,0.21,
0.10,0.21,0.10,0.21,
0.10,0.21,0.10,0.21,
0.10,0.20,0.10,0.20,
0.10,0.20,0.10,0.20,
0.11,0.20,0.11,0.20,
0.11,0.20,0.11,0.20,
0.11,0.20,0.11,0.20,
0.11,0.20,0.11,0.20,
0.11,0.19,0.11,0.19,
0.11,0.19,0.11,0.19,
0.12,0.19,0.12,0.19,
0.12,0.19,0.12,0.19,
0.12,0.19,0.12,0.19,
0.12,0.19,0.12,0.19,
0.12,0.18,0.12,0.18,
0.12,0.18,0.12,0.18,
0.13,0.18,0.13,0.18,
0.13,0.18,0.13,0.18,
0.13,0.18,0.13,0.18,
0.13,0.17,0.13,0.17,
0.13,0.17,0.13,0.17,
0.14,0.17,0.14,0.17,
0.14,0.17,0.14,0.17,
0.14,0.17,0.14,0.17,
0.14,0.16,0.14,0.16,
0.14,0.16,0.14,0.16,
0.15,0.16,0.15,0.16,
0.15,0.16,0.15,0.16,
0.15,0.16,0.15,0.16,
0.15,0.15,0.15,0.15,
0.16,0.15,0.16,0.15,
0.16,0.15,0.16,0.15,
0.16,0.15,0.16,0.15,
0.16,0.14,0.16,0.14,
0.16,0.14,0.16,0.14,
0.17,0.14,0.17,0.14,
0.17,0.14,0.17,0.14,
0.17,0.13,0.17,0.13,
0.17,0.13,0.17,0.13,
0.18,0.13,0.18,0.13,
0.18,0.13,0.18,0.13,
0.18,0.12,0.18,0.12,
0.19,0.12,0.19,0.12,
0.19,0.12,0.19,0.12,
0.19,0.12,0.19,0.12,
0.19,0.11,0.19,0.11,
0.20,0.11,0.20,0.11,
0.20,0.11,0.20,0.11,
0.20,0.11,0.20,0.11,
0.20,0.10,0.20,0.10,
0.21,0.10,0.21,0.10,
0.21,0.10,0.21,0.10,
0.21,0.09,0.21,0.09,
0.22,0.09,0.22,0.09,
0.22,0.09,0.22,0.09,
0.22,0.08,0.22,0.08,
0.23,0.08,0.23,0.08,
0.23,0.08,0.23,0.08,
0.23,0.07,0.23,0.07,
0.24,0.07,0.24,0.07,
0.24,0.07,0.24,0.07,
0.24,0.06,0.24,0.06,
0.25,0.06,0.25,0.06,
0.25,0.06,0.25,0.06,
0.25,0.05,0.25,0.05,
0.26,0.05,0.26,0.05,
0.26,0.05,0.26,0.05,
0.26,0.04,0.26,0.04,
0.27,0.04,0.27,0.04,
0.27,0.04,0.27,0.04,
0.28,0.03,0.28,0.03,
0.28,0.03,0.28,0.03,
0.28,0.02,0.28,0.02,
0.29,0.02,0.29,0.02,
0.29,0.02,0.29,0.02,
0.30,0.01,0.30,0.01,
0.30,0.01,0.30,0.01,
0.30,0.00,0.30,0.00,
0.31,0.00,0.31,0.00,
0.31,0.00,0.31,0.00,
0.32,0.00,0.32,0.00,
0.32,0.00,0.32,0.00,
0.33,0.00,0.33,0.00,
0.33,0.00,0.33,0.00,
0.33,0.00,0.33,0.00,
0.34,0.00,0.34,0.00,
0.34,0.00,0.34,0.00,
0.35,0.00,0.35,0.00,
0.35,0.00,0.35,0.00,
0.35,0.00,0.35,0.00,
0.36,0.00,0.36,0.00,
0.36,0.00,0.36,0.00,
0.36,0.00,0.36,0.00,
0.37,0.00,0.37,0.00,
0.37,0.00,0.37,0.00,
0.38,0.00,0.38,0.00,
0.38,0.00,0.38,0.00,
0.38,0.00,0.38,0.00,
0.39,0.00,0.39,0.00,
0.39,0.00,0.39,0.00,
0.39,0.00,0.39,0.00,
0.40,0.00,0.40,0.00,
0.40,0.00,0.40,0.00,
0.40,0.00,0.40,0.00,
0.41,0.00,0.41,0.00,
0.41,0.00,0.41,0.00,
0.41,0.00,0.41,0.00,
0.42,0.00,0.42,0.00,
0.42,0.00,0.42,0.00,
0.42,0.00,0.42,0.00,
0.43,0.00,0.43,0.00,
0.43,0.00,0.43,0.00,
0.43,0.00,0.43,0.00,
0.43,0.00,0.43,0.00,
0.44,0.00,0.44,0.00,
0.44,0.00,0.44,0.00,
0.44,0.00,0.44,0.00,
0.45,0.00,0.45,0.00,
0.45,0.00,0.45,0.00,
0.45,0.00,0.45,0.00,
0.45,0.00,0.45,0.00,
0.46,0.00,0.46,0.00,
0.46,0.00,0.46,0.00,
0.46,0.00,0.46,0.00,
0.47,0.00,0.47,0.00,
0.47,0.00,0.47,0.00,
0.47,0.00,0.47,0.00,
0.47,0.00,0.47,0.00,
0.48,0.00,0.48,0.00,
0.48,0.00,0.48,0.00,
0.48,0.00,0.48,0.00,
0.48,0.00,0.48,0.00,
0.48,0.00,0.48,0.00,
0.49,0.00,0.49,0.00,
0.49,0.00,0.49,0.00,
0.49,0.00,0.49,0.00,
0.49,0.00,0.49,0.00,
0.50,0.00,0.50,0.00,
0.50,0.00,0.50,0.00,
0.50,0.00,0.50,0.00,
0.50,0.00,0.50,0.00,
0.50,0.00,0.50,0.00,
0.51,0.00,0.51,0.00,
0.51,0.00,0.51,0.00,
0.51,0.00,0.51,0.00,
0.51,0.00,0.51,0.00,
0.52,0.00,0.52,0.00,
0.52,0.00,0.52,0.00,
0.52,0.00,0.52,0.00,
0.52,0.00,0.52,0.00,
0.52,0.00,0.52,0.00,
0.52,0.00,0.52,0.00,
0.53,0.00,0.53,0.00,
0.53,0.00,0.53,0.00,
0.53,0.00,0.53,0.00,
0.53,0.00,0.53,0.00,
0.53,0.00,0.53,0.00,
0.54,0.00,0.54,0.00,
0.54,0.00,0.54,0.00,
0.54,0.00,0.54,0.00,
0.54,0.00,0.54,0.00,
0.54,0.00,0.54,0.00,
0.54,0.00,0.54,0.00,
0.54,0.00,0.54,0.00,
0.55,0.00,0.55,0.00,
0.55,0.00,0.55,0.00,
0.55,0.00,0.55,0.00,
0.55,0.00,0.55,0.00,
0.55,0.00,0.55,0.00,
0.55,0.00,0.55,0.00,
0.56,0.00,0.56,0.00,
0.56,0.00,0.56,0.00,
0.56,0.00,0.56,0.00,
0.56,0.00,0.56,0.00,
0.56,0.00,0.56,0.00,
0.56,0.00,0.56,0.00,
0.56,0.00,0.56,0.00,
0.56,0.00,0.56,0.00,
0.57,0.00,0.57,0.00,
0.57,0.00,0.57,0.00,
0.57,0.00,0.57,0.00,
0.57,0.00,0.57,0.00,
0.57,0.00,0.57,0.00,
0.57,0.00,0.57,0.00,
0.57,0.00,0.57,0.00,
0.57,0.00,0.57,0.00,
0.57,0.00,0.57,0.00,
0.58,0.00,0.58,0.00,
0.58,0.00,0.58,0.00,
0.58,0.00,0.58,0.00,
0.58,0.00,0.58,0.00,
0.58,0.00,0.58,0.00,
0.58,0.00,0.58,0.00,
0.58,0.00,0.58,0.00,
0.58,0.00,0.58,0.00,
0.58,0.00,0.58,0.00,
0.58,0.00,0.58,0.00,
0.59,0.00,0.59,0.00,
0.59,0.00,0.59,0.00,
0.59,0.00,0.59,0.00,
0.59,0.00,0.59,0.00,
0.59,0.00,0.59,0.00,
0.59,0.00,0.59,0.00,
0.59,0.00,0.59,0.00,
0.59,0.00,0.59,0.00,
0.59,0.00,0.59,0.00,
0.59,0.00,0.59,0.00,
0.59,0.00,0.59,0.00,
0.59,0.00,0.59,0.00,
0.59,0.00,0.59,0.00,
0.60,0.00,0.60,0.00,
0.60,0.00,0.60,0.00,
0.60,0.00,0.60,0.00,
0.60,0.00,0.60,0.00,
0.60,0.00,0.60,0.00,
0.60,0.00,0.60,0.00,
0.60,0.00,0.60,0.00,
0.60,0.00,0.60,0.00,
0.60,0.00,0.60,0.00,
0.60,0.00,0.60,0.00,
0.60,0.00,0.60,0.00,
0.60,0.00,0.60,0.00,
0.60,0.00,0.60,0.00,
0.60,0.00,0.60,0.00,
0.60,0.00,0.60,0.00,
0.60,0.00,0.60,0.00,
0.60,0.00,0.60,0.00,
0.60,0.00,0.60,0.00,
0.61,0.00,0.61,0.00,
0.61,0.00,0.61,0.00,
0.61,0.00,0.61,0.00,
0.61,0.00,0.61,0.00,
0.61,0.00,0.61,0.00,
0.61,0.00,0.61,0.00,
0.61,0.00,0.61,0.00,
0.61,0.00,0.61,0.00,
0.61,0.00,0.61,0.00,
0.61,0.00,0.61,0.00,
0.61,0.00,0.61,0.00,
0.61,0.00,0.61,0.00,
0.61,0.00,0.61,0.00,
0.61,0.00,0.61,0.00,
0.61,0.00,0.61,0.00,
0.61,0.00,0.61,0.00,
0.61,0.00,0.61,0.00,
0.61,0.00,0.61,0.00,
0.61,0.00,0.61,0.00,
0.61,0.00,0.61,0.00,
0.61,0.00,0.61,0.00,
0.61,0.00,0.61,0.00,
0.61,0.00,0.61,0.00,