timestamp,id01,m01_gp,m01_pp,id02,m02_gp,m02_pp,id03,m03_gp,m03_pp,id04,m04_gp,m04_pp,id05,m05_gp,m05_pp,id06,m06_gp,m06_pp,id07,m07_gp,m07_pp,
2903,1,511,530,2,511,496,3,511,518,4,511,508,5,511,480,6,511,544,7,511,480,
2955,1,511,530,2,511,496,3,511,518,4,511,508,5,511,480,6,511,544,7,511,480,
3009,1,511,530,2,511,496,3,511,518,4,511,508,5,511,480,6,511,544,7,511,481,
3064,1,511,530,2,511,496,3,511,518,4,511,508,5,511,480,6,511,544,7,511,480,
3122,1,511,530,2,511,496,3,511,518,4,511,508,5,511,480,6,511,544,7,511,481,
3180,1,511,530,2,511,496,3,511,518,4,511,508,5,511,480,6,511,544,7,511,481,
3241,1,511,530,2,511,496,3,511,518,4,511,508,5,510,480,6,510,544,7,510,481,
3302,1,511,530,2,511,496,3,511,518,4,510,508,5,510,480,6,510,544,7,510,481,
3364,1,511,530,2,511,496,3,511,518,4,510,508,5,510,480,6,510,544,7,510,481,
3428,1,511,530,2,511,496,3,511,518,4,510,508,5,510,480,6,510,544,7,510,481,
3492,1,511,530,2,511,496,3,511,518,4,510,508,5,510,480,6,510,544,7,510,481,
3557,1,511,530,2,511,496,3,511,518,4,510,508,5,510,480,6,510,544,7,510,481,
3623,1,511,530,2,511,496,3,511,518,4,510,508,5,510,480,6,510,544,7,510,481,
3689,1,511,530,2,511,496,3,511,518,4,510,508,5,510,480,6,510,544,7,510,480,
3756,1,511,530,2,511,496,3,511,518,4,510,508,5,510,480,6,510,544,7,510,481,
3823,1,511,530,2,511,496,3,511,518,4,510,508,5,510,480,6,510,544,7,510,481,
3891,1,511,530,2,511,497,3,511,518,4,510,508,5,510,480,6,510,544,7,510,481,
3959,1,511,530,2,511,496,3,511,518,4,510,508,5,510,480,6,510,544,7,510,481,
4027,1,511,530,2,511,496,3,511,518,4,510,508,5,510,480,6,510,544,7,510,481,
4095,1,511,530,2,511,496,3,511,518,4,510,508,5,510,480,6,510,544,7,510,481,
4163,1,511,530,2,511,496,3,511,518,4,510,508,5,510,480,6,510,544,7,510,481,
4231,1,511,530,2,511,496,3,511,518,4,510,508,5,510,480,6,510,544,7,510,481,
4300,1,511,530,2,511,496,3,511,517,4,510,508,5,510,480,6,510,544,7,510,480,
4369,1,511,530,2,511,496,3,511,518,4,510,508,5,510,480,6,510,544,7,510,481,
4438,1,511,530,2,511,496,3,511,518,4,510,508,5,510,480,6,510,544,7,510,481,
4507,1,511,530,2,511,496,3,511,518,4,510,508,5,510,480,6,510,544,7,510,481,
4576,1,511,530,2,511,496,3,511,518,4,510,508,5,510,480,6,510,544,7,510,481,
4645,1,511,530,2,511,496,3,511,518,4,510,508,5,510,480,6,510,544,7,510,480,
4714,1,511,530,2,511,496,3,511,518,4,511,508,5,510,480,6,510,544,7,510,481,
4783,1,511,530,2,511,496,3,511,518,4,511,508,5,510,480,6,510,544,7,510,480,
4852,1,511,530,2,511,496,3,511,518,4,511,508,5,510,480,6,510,544,7,510,481,
4921,1,511,530,2,511,496,3,511,518,4,511,508,5,510,480,6,510,544,7,510,481,
4990,1,511,530,2,511,496,3,511,518,4,511,508,5,510,480,6,510,544,7,510,481,
5059,1,511,530,2,511,496,3,511,518,4,511,508,5,510,480,6,510,544,7,510,480,
5134,1,511,518,2,511,509,3,511,510,4,511,508,5,510,509,6,510,507,7,510,511,
5209,1,511,507,2,511,511,3,511,509,4,511,510,5,510,512,6,510,504,7,510,513,
5284,1,511,509,2,511,511,3,511,510,4,511,510,5,510,509,6,510,511,7,510,509,
5359,1,511,509,2,511,511,3,511,509,4,511,510,5,510,509,6,510,510,7,510,510,
5434,1,511,509,2,511,511,3,511,510,4,511,510,5,510,509,6,510,510,7,510,510,
5509,1,511,509,2,511,511,3,511,509,4,511,510,5,510,509,6,510,510,7,510,511,
5584,1,511,509,2,511,511,3,511,509,4,511,510,5,510,509,6,510,510,7,510,510,
5659,1,511,509,2,511,511,3,511,510,4,511,510,5,510,509,6,510,510,7,510,510,
5734,1,511,509,2,511,511,3,511,509,4,511,510,5,510,509,6,510,510,7,510,510,
5809,1,511,509,2,511,511,3,511,509,4,511,510,5,510,509,6,510,510,7,510,510,
5884,1,511,509,2,511,511,3,511,509,4,511,510,5,510,509,6,510,510,7,510,510,
5959,1,511,509,2,511,511,3,511,510,4,511,510,5,510,509,6,510,510,7,510,510,
6034,1,510,509,2,511,511,3,511,510,4,511,510,5,510,509,6,510,510,7,510,510,
6109,1,510,509,2,511,511,3,511,509,4,511,510,5,510,509,6,510,510,7,510,510,
6184,1,510,509,2,511,511,3,511,509,4,511,510,5,510,509,6,510,510,7,510,510,
6259,1,510,509,2,511,511,3,511,509,4,511,510,5,510,509,6,510,510,7,510,510,
6334,1,510,509,2,511,511,3,511,509,4,511,510,5,510,509,6,510,510,7,510,510,
6409,1,510,509,2,511,511,3,511,510,4,511,510,5,510,509,6,510,510,7,510,510,
6484,1,510,509,2,511,511,3,511,510,4,511,510,5,510,509,6,510,510,7,510,510,
6559,1,510,509,2,511,511,3,511,509,4,511,510,5,510,509,6,510,510,7,510,510,
6634,1,510,509,2,511,511,3,511,509,4,511,510,5,510,509,6,510,510,7,510,510,
6709,1,510,509,2,511,511,3,511,511,4,511,510,5,510,509,6,510,510,7,510,510,
6784,1,510,509,2,511,511,3,511,510,4,511,510,5,510,509,6,510,510,7,510,510,
6859,1,510,509,2,511,511,3,511,509,4,511,510,5,510,508,6,510,510,7,510,510,
6934,1,510,509,2,511,511,3,511,510,4,511,510,5,510,509,6,510,510,7,510,510,
7009,1,510,509,2,511,511,3,511,510,4,511,510,5,510,509,6,510,510,7,510,512,
7084,1,510,509,2,511,511,3,511,509,4,511,510,5,510,509,6,510,510,7,510,510,
7159,1,510,509,2,511,511,3,511,509,4,511,510,5,510,509,6,510,510,7,510,510,
7234,1,510,509,2,511,511,3,511,510,4,511,510,5,510,509,6,510,510,7,510,510,
7309,1,510,509,2,511,511,3,511,509,4,511,510,5,510,509,6,510,510,7,510,510,
7384,1,510,509,2,511,511,3,511,509,4,511,510,5,510,509,6,510,510,7,510,510,
7459,1,510,509,2,511,511,3,511,509,4,511,510,5,511,509,6,510,510,7,510,510,
7534,1,510,509,2,511,511,3,511,510,4,511,510,5,511,509,6,510,510,7,510,510,
7609,1,510,509,2,511,511,3,511,509,4,511,510,5,511,509,6,510,510,7,510,510,
7684,1,510,510,2,511,511,3,511,509,4,511,510,5,511,509,6,510,510,7,510,510,
7759,1,510,509,2,511,511,3,511,509,4,511,510,5,511,509,6,510,510,7,510,510,
7834,1,510,509,2,511,511,3,511,509,4,511,510,5,511,509,6,510,510,7,510,510,
7909,1,510,509,2,511,511,3,511,509,4,511,510,5,511,509,6,510,510,7,510,510,
7984,1,510,509,2,511,511,3,511,509,4,511,510,5,511,509,6,510,510,7,510,510,
8059,1,510,509,2,511,511,3,511,510,4,511,510,5,511,509,6,510,510,7,510,510,
8134,1,510,510,2,511,511,3,511,509,4,511,510,5,511,509,6,510,510,7,510,510,
8209,1,510,509,2,511,511,3,511,509,4,511,510,5,511,509,6,510,510,7,510,510,
8284,1,510,509,2,511,511,3,511,509,4,511,510,5,511,509,6,510,510,7,510,510,
8359,1,510,509,2,511,511,3,511,509,4,511,510,5,511,509,6,510,510,7,510,510,
8434,1,510,509,2,511,511,3,511,510,4,511,510,5,511,509,6,510,510,7,510,510,
8509,1,510,509,2,511,511,3,511,509,4,511,510,5,511,509,6,510,510,7,510,510,
8584,1,510,509,2,511,511,3,511,509,4,511,510,5,511,509,6,510,510,7,510,511,
8659,1,510,509,2,511,511,3,511,509,4,511,510,5,511,509,6,510,510,7,510,510,
8734,1,510,509,2,511,511,3,511,509,4,511,510,5,511,509,6,510,510,7,510,510,
8809,1,510,509,2,511,511,3,511,509,4,511,510,5,511,509,6,510,510,7,510,510,
8884,1,510,509,2,510,511,3,511,509,4,511,510,5,511,509,6,510,509,7,510,510,
8959,1,510,509,2,510,510,3,511,510,4,511,510,5,511,509,6,510,510,7,510,510,
9034,1,510,509,2,510,510,3,511,510,4,511,510,5,511,509,6,510,510,7,510,510,
9109,1,510,509,2,510,510,3,511,510,4,511,510,5,511,509,6,510,510,7,510,510,
9184,1,510,509,2,510,510,3,511,510,4,511,510,5,511,509,6,510,510,7,510,510,
9259,1,510,509,2,510,510,3,511,510,4,511,510,5,511,509,6,510,510,7,510,510,
9334,1,510,509,2,510,510,3,511,510,4,511,510,5,511,509,6,510,510,7,510,510,
9409,1,510,509,2,510,510,3,511,510,4,511,510,5,511,509,6,510,510,7,510,510,
9484,1,510,509,2,510,510,3,511,510,4,511,510,5,511,509,6,510,510,7,510,510,
9559,1,510,509,2,510,510,3,511,510,4,511,510,5,511,509,6,510,510,7,510,510,
9634,1,510,509,2,510,510,3,511,510,4,511,510,5,511,509,6,510,510,7,510,510,
9709,1,510,509,2,510,510,3,511,510,4,511,510,5,511,509,6,510,510,7,510,510,
9784,1,510,509,2,510,510,3,511,510,4,511,510,5,511,509,6,510,510,7,510,510,
9859,1,510,509,2,510,510,3,511,510,4,511,510,5,511,509,6,510,510,7,510,510,
9934,1,510,509,2,510,510,3,511,510,4,511,510,5,511,509,6,510,510,7,510,510,
10009,1,510,509,2,510,510,3,511,510,4,511,510,5,511,509,6,510,510,7,510,510,
10084,1,510,509,2,510,510,3,511,510,4,511,510,5,511,509,6,510,510,7,510,510,
10159,1,510,509,2,510,510,3,511,510,4,511,510,5,511,509,6,510,510,7,510,510,
10234,1,510,509,2,510,510,3,511,510,4,511,510,5,511,509,6,511,510,7,510,510,
10309,1,510,509,2,510,510,3,511,509,4,511,510,5,511,509,6,511,510,7,510,510,
10384,1,510,509,2,510,510,3,511,510,4,511,510,5,511,509,6,511,510,7,510,510,
10459,1,510,509,2,510,510,3,511,509,4,511,510,5,511,509,6,511,510,7,510,510,
10534,1,510,509,2,510,510,3,511,510,4,511,510,5,511,509,6,511,510,7,510,510,
10609,1,510,509,2,510,510,3,511,510,4,511,509,5,511,509,6,511,510,7,510,510,
10684,1,510,509,2,510,510,3,511,510,4,511,510,5,511,509,6,511,510,7,510,510,
10759,1,510,509,2,510,510,3,511,510,4,511,510,5,511,509,6,511,510,7,510,510,
10834,1,510,509,2,510,510,3,511,510,4,511,510,5,511,509,6,511,510,7,510,510,
10909,1,510,509,2,510,510,3,511,510,4,511,510,5,511,509,6,511,510,7,510,510,
10984,1,510,509,2,510,510,3,511,509,4,511,510,5,511,509,6,511,510,7,510,510,
11059,1,510,509,2,510,510,3,511,510,4,511,510,5,511,509,6,511,510,7,510,510,
11134,1,510,509,2,510,510,3,511,510,4,511,510,5,511,509,6,511,510,7,510,510,
11209,1,510,509,2,510,510,3,511,510,4,511,510,5,511,509,6,511,510,7,510,510,
11284,1,510,509,2,510,510,3,511,510,4,511,510,5,511,509,6,511,510,7,510,510,
11359,1,510,509,2,510,510,3,511,510,4,511,510,5,511,509,6,511,510,7,510,510,
11434,1,510,509,2,510,510,3,511,510,4,511,510,5,511,509,6,511,510,7,510,510,
11509,1,510,509,2,510,510,3,511,510,4,511,510,5,511,509,6,511,510,7,510,510,
11584,1,510,509,2,510,510,3,511,510,4,511,510,5,511,509,6,511,510,7,510,510,
11659,1,510,509,2,510,510,3,510,510,4,511,510,5,511,509,6,511,510,7,510,510,
11734,1,510,509,2,510,510,3,510,510,4,511,510,5,511,509,6,511,510,7,510,510,
11809,1,510,510,2,510,510,3,510,510,4,511,510,5,511,509,6,511,510,7,510,510,
11884,1,510,509,2,510,510,3,510,510,4,511,510,5,511,509,6,511,510,7,510,510,
11959,1,510,509,2,510,510,3,510,510,4,511,510,5,511,509,6,511,510,7,510,510,
12034,1,510,509,2,510,510,3,510,510,4,511,510,5,511,509,6,511,510,7,510,510,
12109,1,510,509,2,510,510,3,510,510,4,511,510,5,511,509,6,511,510,7,510,510,
12184,1,510,509,2,510,510,3,510,510,4,511,510,5,511,509,6,511,510,7,510,510,
12259,1,510,509,2,510,510,3,510,510,4,511,510,5,511,509,6,511,510,7,510,510,
12334,1,510,509,2,510,510,3,510,510,4,511,510,5,511,509,6,511,510,7,510,510,
12409,1,510,509,2,510,510,3,510,510,4,511,510,5,511,509,6,511,510,7,510,510,
12484,1,510,509,2,510,510,3,510,510,4,511,510,5,511,509,6,511,510,7,510,510,
12559,1,510,509,2,510,510,3,510,510,4,511,510,5,511,509,6,511,510,7,510,510,
12634,1,510,509,2,510,510,3,510,510,4,511,510,5,511,509,6,511,510,7,510,512,
12709,1,510,509,2,510,510,3,510,510,4,511,510,5,511,509,6,511,510,7,510,510,
12784,1,510,509,2,510,510,3,510,510,4,511,510,5,511,509,6,511,510,7,510,510,
12859,1,510,509,2,510,510,3,510,510,4,511,510,5,511,509,6,511,510,7,510,510,
12934,1,510,509,2,510,510,3,510,510,4,511,510,5,511,509,6,511,510,7,510,510,
13009,1,510,509,2,510,510,3,510,510,4,511,510,5,511,509,6,511,510,7,510,510,
13084,1,510,509,2,510,510,3,510,510,4,511,510,5,511,509,6,511,510,7,511,510,
13159,1,510,509,2,510,510,3,510,509,4,511,510,5,511,509,6,511,510,7,511,510,
13234,1,510,509,2,510,510,3,510,509,4,511,510,5,511,509,6,511,510,7,511,510,
13309,1,510,509,2,510,510,3,510,510,4,511,510,5,511,509,6,511,510,7,511,510,
13384,1,510,509,2,510,510,3,510,510,4,511,510,5,511,509,6,511,510,7,511,510,
13459,1,510,509,2,510,510,3,510,510,4,511,510,5,511,509,6,511,510,7,511,510,
13534,1,510,509,2,510,510,3,510,509,4,511,510,5,511,509,6,511,510,7,511,510,
13609,1,510,509,2,510,510,3,510,510,4,511,510,5,511,509,6,511,510,7,511,510,
13684,1,510,509,2,510,510,3,510,510,4,511,510,5,511,509,6,511,510,7,511,510,
13759,1,510,509,2,510,510,3,510,510,4,511,510,5,511,509,6,511,510,7,511,510,
13834,1,510,509,2,510,510,3,510,509,4,511,510,5,511,509,6,511,510,7,511,510,
13909,1,510,509,2,510,510,3,510,510,4,511,510,5,511,509,6,511,510,7,511,510,
13984,1,510,509,2,510,510,3,510,510,4,511,510,5,511,509,6,511,510,7,511,510,
14059,1,510,509,2,510,510,3,510,510,4,511,510,5,511,509,6,511,510,7,511,510,
14134,1,510,509,2,510,510,3,510,510,4,511,510,5,511,509,6,511,510,7,511,510,
14209,1,510,509,2,510,510,3,510,510,4,511,510,5,511,509,6,511,510,7,511,510,
14284,1,510,509,2,510,510,3,510,510,4,511,510,5,511,509,6,511,510,7,511,510,
14359,1,510,509,2,510,510,3,510,510,4,511,510,5,511,509,6,511,510,7,511,510,
14434,1,510,509,2,510,510,3,510,510,4,510,510,5,511,509,6,511,510,7,511,510,
14509,1,510,509,2,510,510,3,510,510,4,510,510,5,511,509,6,511,510,7,511,510,
14584,1,510,509,2,510,510,3,510,510,4,510,510,5,511,509,6,511,510,7,511,511,
14659,1,510,509,2,510,510,3,510,510,4,510,510,5,511,509,6,511,510,7,511,510,
14734,1,510,509,2,510,510,3,510,510,4,510,510,5,511,509,6,511,510,7,511,510,
14809,1,510,509,2,510,510,3,510,510,4,510,510,5,511,509,6,511,510,7,511,510,
14884,1,510,509,2,510,510,3,510,509,4,510,510,5,511,509,6,511,510,7,511,510,
14959,1,510,509,2,510,510,3,510,510,4,510,510,5,511,509,6,511,510,7,511,510,
15034,1,510,509,2,510,510,3,510,510,4,510,510,5,511,509,6,511,510,7,511,510,
15109,1,510,509,2,510,510,3,510,510,4,510,510,5,511,509,6,511,510,7,511,510,
15184,1,510,510,2,510,510,3,510,510,4,510,510,5,511,509,6,511,510,7,511,510,
15259,1,510,509,2,510,510,3,510,510,4,510,510,5,511,509,6,511,510,7,511,510,
15334,1,510,509,2,510,510,3,510,510,4,510,510,5,511,509,6,511,510,7,511,510,
15409,1,510,509,2,510,510,3,510,510,4,510,510,5,511,509,6,511,510,7,511,510,
15484,1,510,509,2,510,510,3,510,510,4,510,510,5,511,509,6,511,510,7,511,510,
15559,1,510,509,2,510,510,3,510,510,4,510,510,5,511,509,6,511,510,7,511,510,
15634,1,510,509,2,510,510,3,510,510,4,510,509,5,511,509,6,511,510,7,511,510,
15709,1,510,509,2,510,510,3,510,509,4,510,510,5,511,509,6,511,510,7,511,510,
15784,1,510,511,2,510,510,3,510,510,4,510,510,5,511,509,6,511,510,7,511,510,
15859,1,511,509,2,510,510,3,510,510,4,510,510,5,511,509,6,511,510,7,511,510,
15934,1,511,509,2,510,510,3,510,510,4,510,510,5,511,509,6,511,510,7,511,510,
16009,1,511,509,2,510,510,3,510,510,4,510,510,5,511,509,6,511,510,7,511,510,
16084,1,511,509,2,510,510,3,510,510,4,510,510,5,511,509,6,511,510,7,511,510,
16159,1,511,509,2,510,510,3,510,510,4,510,510,5,511,509,6,511,510,7,511,510,
16234,1,511,509,2,510,510,3,510,510,4,510,510,5,511,509,6,511,510,7,511,510,
16309,1,511,509,2,510,510,3,510,509,4,510,510,5,511,509,6,511,510,7,511,510,
16384,1,511,509,2,510,510,3,510,510,4,510,510,5,511,509,6,511,510,7,511,510,
16459,1,511,509,2,510,510,3,510,510,4,510,510,5,511,509,6,511,510,7,511,510,
16534,1,511,509,2,510,510,3,510,510,4,510,510,5,511,509,6,511,510,7,511,510,
16609,1,511,509,2,510,510,3,510,509,4,510,510,5,511,509,6,511,510,7,511,510,
16684,1,511,509,2,510,510,3,510,509,4,510,510,5,511,509,6,511,510,7,511,510,
16759,1,511,509,2,510,510,3,510,510,4,510,510,5,511,509,6,511,510,7,511,510,
16834,1,511,509,2,510,510,3,510,510,4,510,510,5,511,509,6,511,510,7,511,510,
16909,1,511,509,2,510,510,3,510,510,4,510,510,5,511,509,6,511,510,7,511,510,
16984,1,511,509,2,510,510,3,510,510,4,510,510,5,511,509,6,511,510,7,511,510,
17059,1,511,509,2,510,510,3,510,510,4,510,510,5,511,509,6,511,510,7,511,510,
17134,1,511,509,2,510,510,3,510,510,4,510,510,5,511,509,6,511,510,7,511,510,
17209,1,511,509,2,510,510,3,510,510,4,510,510,5,511,509,6,511,510,7,511,510,
17284,1,511,509,2,510,510,3,510,510,4,510,510,5,510,509,6,511,510,7,511,510,
17359,1,511,509,2,510,510,3,510,510,4,510,510,5,510,509,6,511,510,7,511,510,
17434,1,511,509,2,510,510,3,510,510,4,510,510,5,510,509,6,511,510,7,511,510,
17509,1,511,509,2,510,510,3,510,510,4,510,510,5,510,509,6,511,510,7,511,510,
17584,1,511,509,2,510,510,3,510,509,4,510,510,5,510,509,6,511,510,7,511,510,
17659,1,511,509,2,510,510,3,510,509,4,510,510,5,510,509,6,511,510,7,511,510,
17734,1,511,509,2,510,510,3,510,509,4,510,510,5,510,509,6,511,510,7,511,512,
17809,1,511,509,2,510,510,3,510,510,4,510,510,5,510,509,6,511,510,7,511,510,
17884,1,511,509,2,510,510,3,510,510,4,510,510,5,510,508,6,511,510,7,511,510,
17959,1,511,509,2,510,510,3,510,510,4,510,510,5,510,509,6,511,510,7,511,510,
18034,1,511,509,2,510,510,3,510,510,4,510,510,5,510,509,6,511,510,7,511,510,
18109,1,511,509,2,510,510,3,510,510,4,510,510,5,510,509,6,511,510,7,511,510,
18184,1,511,509,2,510,510,3,510,510,4,510,510,5,510,509,6,511,510,7,511,510,
18259,1,511,509,2,510,510,3,510,510,4,510,510,5,510,509,6,511,510,7,511,510,
18334,1,511,509,2,510,510,3,510,510,4,510,510,5,510,509,6,511,510,7,511,510,
18409,1,511,509,2,510,510,3,510,510,4,510,510,5,510,509,6,511,510,7,511,510,
18484,1,511,509,2,510,510,3,510,510,4,510,510,5,510,509,6,511,510,7,511,510,
18559,1,511,509,2,510,510,3,510,510,4,510,510,5,510,509,6,511,510,7,511,510,
18634,1,511,509,2,510,510,3,510,510,4,510,510,5,510,509,6,511,510,7,511,509,
18709,1,511,509,2,511,510,3,510,510,4,510,510,5,510,509,6,511,510,7,511,510,
18784,1,511,509,2,511,510,3,510,510,4,510,510,5,510,509,6,511,510,7,511,510,
18859,1,511,507,2,511,510,3,510,510,4,510,510,5,510,509,6,511,510,7,511,510,
18934,1,511,509,2,511,510,3,510,510,4,510,510,5,510,509,6,511,510,7,511,510,
19009,1,511,509,2,511,510,3,510,509,4,510,510,5,510,509,6,511,510,7,511,510,
19084,1,511,509,2,511,510,3,510,510,4,510,510,5,510,509,6,511,510,7,511,510,
19159,1,511,509,2,511,510,3,510,510,4,510,510,5,510,509,6,511,510,7,511,510,
19234,1,511,509,2,511,510,3,510,510,4,510,510,5,510,509,6,511,510,7,511,510,
19309,1,511,509,2,511,510,3,510,510,4,510,510,5,510,509,6,511,510,7,511,510,
19384,1,511,509,2,511,510,3,510,510,4,510,510,5,510,509,6,511,510,7,511,510,
19459,1,511,509,2,511,510,3,510,509,4,510,510,5,510,509,6,511,510,7,511,510,
19534,1,511,509,2,511,510,3,510,510,4,510,510,5,510,509,6,511,510,7,511,510,
19609,1,511,509,2,511,510,3,510,510,4,510,510,5,510,509,6,511,510,7,511,510,
19684,1,511,509,2,511,510,3,510,509,4,510,510,5,510,509,6,511,510,7,511,510,
19759,1,511,509,2,511,510,3,510,510,4,510,510,5,510,509,6,511,510,7,511,510,
19834,1,511,509,2,511,510,3,510,510,4,510,510,5,510,509,6,511,510,7,511,510,
19909,1,511,509,2,511,510,3,510,509,4,510,510,5,510,509,6,511,510,7,511,510,
19984,1,511,509,2,511,510,3,510,510,4,510,510,5,510,509,6,511,510,7,511,510,
20059,1,511,509,2,511,510,3,510,510,4,510,510,5,510,509,6,510,510,7,511,510,
20134,1,511,509,2,511,510,3,510,510,4,510,510,5,510,509,6,510,510,7,511,510,
20209,1,511,509,2,511,510,3,510,510,4,510,510,5,510,509,6,510,510,7,511,510,
20284,1,511,509,2,511,510,3,510,510,4,510,510,5,510,509,6,510,510,7,511,510,
20359,1,511,509,2,511,510,3,510,509,4,510,510,5,510,509,6,510,510,7,511,510,
20434,1,511,509,2,511,510,3,510,510,4,510,510,5,510,509,6,510,510,7,511,510,
20509,1,511,509,2,511,510,3,510,510,4,510,510,5,510,509,6,510,510,7,511,510,
20584,1,511,509,2,511,510,3,510,510,4,510,510,5,510,509,6,510,510,7,511,510,
20659,1,511,509,2,511,510,3,510,510,4,510,510,5,510,509,6,510,510,7,511,510,
20734,1,511,509,2,511,510,3,510,509,4,510,510,5,510,509,6,510,510,7,511,510,
20809,1,511,509,2,511,510,3,510,510,4,510,510,5,510,509,6,510,510,7,511,510,
20884,1,511,509,2,511,510,3,510,510,4,510,510,5,510,509,6,510,510,7,511,510,
20959,1,511,509,2,511,510,3,510,510,4,510,510,5,510,509,6,510,510,7,511,510,
21034,1,511,509,2,511,510,3,510,510,4,510,510,5,510,509,6,510,510,7,511,510,
21109,1,511,509,2,511,510,3,510,509,4,510,510,5,510,509,6,510,510,7,511,510,
21184,1,511,509,2,511,510,3,510,509,4,510,510,5,510,509,6,510,510,7,511,510,
21259,1,511,509,2,511,510,3,510,510,4,510,510,5,510,509,6,510,510,7,511,510,
21334,1,511,509,2,511,510,3,510,510,4,510,510,5,510,509,6,510,510,7,511,510,
21409,1,511,509,2,511,510,3,510,510,4,510,510,5,510,509,6,510,510,7,511,510,
21484,1,511,509,2,511,510,3,511,510,4,510,510,5,510,509,6,510,510,7,511,510,
21559,1,511,509,2,511,510,3,511,510,4,510,510,5,510,509,6,510,510,7,511,510,
21634,1,511,509,2,511,510,3,511,509,4,510,510,5,510,509,6,510,510,7,511,510,
21709,1,511,509,2,511,510,3,511,510,4,510,510,5,510,509,6,510,510,7,511,510,
21784,1,511,509,2,511,510,3,511,510,4,510,510,5,510,509,6,510,510,7,511,510,
21859,1,511,509,2,511,510,3,511,510,4,510,510,5,510,509,6,510,510,7,511,510,
21934,1,511,509,2,511,510,3,511,510,4,510,509,5,510,509,6,510,510,7,511,510,
22009,1,511,509,2,511,510,3,511,510,4,510,510,5,510,509,6,510,510,7,511,510,
22084,1,511,509,2,511,510,3,511,509,4,510,510,5,510,509,6,510,510,7,511,510,
22159,1,511,509,2,511,510,3,511,509,4,510,510,5,510,509,6,510,510,7,511,510,
22234,1,511,509,2,511,510,3,511,510,4,510,510,5,510,509,6,510,510,7,511,510,
22309,1,511,509,2,511,510,3,511,510,4,510,510,5,510,509,6,510,510,7,511,510,
22384,1,511,509,2,511,510,3,511,510,4,510,510,5,510,509,6,510,510,7,511,510,
22459,1,511,508,2,511,509,3,511,510,4,510,510,5,510,509,6,510,510,7,511,510,
22534,1,511,509,2,511,509,3,511,510,4,510,510,5,510,509,6,510,510,7,511,510,
22609,1,511,509,2,511,509,3,511,510,4,510,510,5,510,509,6,510,510,7,511,510,
22684,1,511,509,2,511,509,3,511,510,4,510,510,5,510,509,6,510,510,7,511,510,
22759,1,511,509,2,511,509,3,511,510,4,510,510,5,510,509,6,510,510,7,511,510,
22834,1,511,509,2,511,509,3,511,510,4,510,510,5,510,509,6,510,510,7,511,510,
22909,1,511,509,2,511,509,3,511,510,4,510,510,5,510,509,6,510,510,7,510,510,
22984,1,511,509,2,511,509,3,511,510,4,510,510,5,510,509,6,510,510,7,510,510,
23059,1,511,509,2,511,509,3,511,510,4,510,510,5,510,509,6,510,510,7,510,510,
23134,1,511,509,2,511,509,3,511,510,4,510,510,5,510,509,6,510,510,7,510,510,
23209,1,511,509,2,511,509,3,511,510,4,510,510,5,510,509,6,510,510,7,510,510,
23284,1,511,509,2,511,509,3,511,510,4,510,510,5,510,509,6,510,510,7,510,510,
23359,1,511,509,2,511,509,3,511,510,4,510,510,5,510,509,6,510,510,7,510,510,
23434,1,511,509,2,511,509,3,511,511,4,510,510,5,510,509,6,510,510,7,510,510,
23509,1,511,509,2,511,509,3,511,510,4,510,510,5,510,509,6,510,510,7,510,510,
23584,1,511,509,2,511,509,3,511,510,4,510,510,5,510,509,6,510,510,7,510,510,
23659,1,511,509,2,511,509,3,511,510,4,510,510,5,510,509,6,510,510,7,510,510,
23734,1,511,509,2,511,509,3,511,510,4,510,510,5,510,509,6,510,510,7,510,510,
23809,1,511,509,2,511,509,3,511,510,4,510,510,5,510,509,6,510,510,7,510,510,
23884,1,511,509,2,511,509,3,511,510,4,510,510,5,510,509,6,510,510,7,510,510,
23959,1,511,509,2,511,509,3,511,510,4,510,510,5,510,509,6,510,510,7,510,510,
24034,1,511,509,2,511,509,3,511,510,4,510,510,5,510,509,6,510,510,7,510,510,
24109,1,511,509,2,511,509,3,511,510,4,510,510,5,510,509,6,510,510,7,510,510,
24184,1,511,509,2,511,509,3,511,510,4,510,510,5,510,509,6,510,510,7,510,510,
24259,1,511,509,2,511,509,3,511,510,4,511,510,5,510,509,6,510,510,7,510,510,
24334,1,511,509,2,511,509,3,511,509,4,511,510,5,510,509,6,510,510,7,510,510,
24409,1,511,509,2,511,509,3,511,510,4,511,510,5,510,509,6,510,510,7,510,510,
24484,1,511,509,2,511,509,3,511,510,4,511,510,5,510,509,6,510,510,7,510,510,
24559,1,511,509,2,511,509,3,511,510,4,511,510,5,510,509,6,510,511,7,510,510,
24634,1,511,509,2,511,509,3,511,510,4,511,510,5,510,509,6,510,510,7,510,510,
24709,1,511,509,2,511,509,3,511,510,4,511,510,5,510,509,6,510,510,7,510,510,
24784,1,511,509,2,511,509,3,511,510,4,511,510,5,510,509,6,510,510,7,510,510,
24859,1,511,509,2,511,509,3,511,510,4,511,510,5,510,509,6,510,510,7,510,510,
24934,1,511,509,2,511,509,3,511,510,4,511,510,5,510,509,6,510,510,7,510,510,
25009,1,511,509,2,511,509,3,511,510,4,511,510,5,510,509,6,510,510,7,510,510,
25084,1,511,509,2,511,509,3,511,510,4,511,510,5,510,509,6,510,510,7,510,510,
25159,1,511,509,2,511,509,3,511,510,4,511,510,5,510,509,6,510,510,7,510,510,
25234,1,511,509,2,511,509,3,511,510,4,511,510,5,510,509,6,510,510,7,510,510,
25309,1,511,509,2,511,509,3,511,510,4,511,510,5,510,509,6,510,510,7,510,510,
25384,1,511,509,2,511,509,3,511,510,4,511,510,5,510,509,6,510,510,7,510,510,
25459,1,511,509,2,511,509,3,511,510,4,511,510,5,510,509,6,510,510,7,510,510,
25534,1,511,509,2,511,509,3,511,510,4,511,510,5,510,509,6,510,510,7,510,510,
25609,1,511,509,2,511,509,3,511,510,4,511,510,5,510,509,6,510,510,7,510,510,
25684,1,510,509,2,511,509,3,511,510,4,511,510,5,510,509,6,510,510,7,510,510,
25759,1,510,509,2,511,509,3,511,510,4,511,510,5,510,509,6,510,510,7,510,510,
25834,1,510,509,2,511,509,3,511,510,4,511,510,5,510,509,6,510,510,7,510,510,
25909,1,510,509,2,511,509,3,511,510,4,511,510,5,510,509,6,510,510,7,510,510,
25984,1,510,509,2,511,509,3,511,510,4,511,510,5,510,509,6,510,510,7,510,510,
26059,1,510,509,2,511,509,3,511,510,4,511,510,5,510,509,6,510,510,7,510,510,
26134,1,510,509,2,511,509,3,511,510,4,511,510,5,510,509,6,510,510,7,510,510,
26209,1,510,509,2,511,509,3,511,510,4,511,510,5,510,509,6,510,510,7,510,510,
26284,1,510,509,2,511,509,3,511,510,4,511,510,5,510,509,6,510,510,7,510,510,
26359,1,510,509,2,511,509,3,511,510,4,511,510,5,510,509,6,510,510,7,510,510,
26434,1,510,509,2,511,509,3,511,510,4,511,510,5,510,509,6,510,510,7,510,510,
26509,1,510,509,2,511,509,3,511,510,4,511,510,5,510,509,6,510,510,7,510,510,
26584,1,510,509,2,511,509,3,511,510,4,511,510,5,510,509,6,510,510,7,510,510,
26659,1,510,509,2,511,509,3,511,510,4,511,510,5,510,509,6,510,510,7,510,510,
26734,1,510,509,2,511,509,3,511,510,4,511,510,5,510,509,6,510,510,7,510,510,
26809,1,510,509,2,511,509,3,511,510,4,511,510,5,510,509,6,510,510,7,510,510,
26884,1,510,509,2,511,509,3,511,510,4,511,510,5,510,509,6,510,510,7,510,510,
26959,1,510,509,2,511,509,3,511,510,4,511,510,5,510,509,6,510,510,7,510,510,
27034,1,510,509,2,511,509,3,511,510,4,511,510,5,510,509,6,510,510,7,510,510,
27109,1,510,509,2,511,509,3,511,510,4,511,510,5,511,509,6,510,510,7,510,510,
27184,1,510,509,2,511,509,3,511,510,4,511,510,5,511,509,6,510,510,7,510,510,
27259,1,510,510,2,511,509,3,511,510,4,511,510,5,511,509,6,510,510,7,510,510,
27334,1,510,509,2,511,510,3,511,510,4,511,510,5,511,509,6,510,512,7,510,510,
27409,1,510,509,2,511,509,3,511,510,4,511,510,5,511,509,6,510,510,7,510,510,
27484,1,510,509,2,511,509,3,511,510,4,511,510,5,511,509,6,510,510,7,510,510,
27559,1,510,510,2,511,509,3,511,510,4,511,510,5,511,509,6,510,510,7,510,510,
27634,1,510,509,2,511,509,3,511,510,4,511,510,5,511,509,6,510,510,7,510,510,
27709,1,510,509,2,511,509,3,511,510,4,511,510,5,511,509,6,510,510,7,510,510,
27784,1,510,509,2,511,509,3,511,510,4,511,510,5,511,510,6,510,510,7,510,510,
27859,1,510,509,2,511,509,3,511,510,4,511,510,5,511,509,6,510,510,7,510,509,
27934,1,510,509,2,511,509,3,511,510,4,511,510,5,511,509,6,510,510,7,510,510,
28009,1,510,509,2,511,509,3,511,510,4,511,510,5,511,509,6,510,510,7,510,510,
28084,1,510,510,2,511,509,3,511,510,4,511,510,5,511,509,6,510,510,7,510,510,
28159,1,510,509,2,511,509,3,511,510,4,511,510,5,511,509,6,510,510,7,510,510,
28234,1,510,509,2,511,509,3,511,510,4,511,510,5,511,509,6,510,510,7,510,510,
28309,1,510,509,2,511,509,3,511,510,4,511,510,5,511,509,6,510,510,7,510,510,
28384,1,510,509,2,511,509,3,511,510,4,511,510,5,511,509,6,510,510,7,510,510,
28459,1,510,509,2,510,509,3,511,510,4,511,510,5,511,509,6,510,510,7,510,510,
28534,1,510,509,2,510,509,3,511,510,4,511,510,5,511,509,6,510,510,7,510,510,
28609,1,510,510,2,510,509,3,511,510,4,511,510,5,511,509,6,510,510,7,510,510,
28684,1,510,509,2,510,509,3,511,510,4,511,510,5,511,509,6,510,510,7,510,510,
28759,1,510,509,2,510,509,3,511,510,4,511,510,5,511,509,6,510,510,7,510,510,
28834,1,510,510,2,510,509,3,511,510,4,511,510,5,511,509,6,510,510,7,510,510,
28909,1,510,509,2,510,509,3,511,510,4,511,510,5,511,509,6,510,510,7,510,510,
28984,1,510,510,2,510,509,3,511,510,4,511,510,5,511,509,6,510,510,7,510,510,
29059,1,510,509,2,510,509,3,511,510,4,511,510,5,511,509,6,510,510,7,510,510,
29134,1,510,510,2,510,509,3,511,510,4,511,510,5,511,509,6,510,510,7,510,510,
29209,1,510,509,2,510,509,3,511,510,4,511,510,5,511,509,6,510,510,7,510,510,
29284,1,510,510,2,510,509,3,511,510,4,511,510,5,511,509,6,510,510,7,510,510,
29359,1,510,509,2,510,509,3,511,510,4,511,510,5,511,509,6,510,510,7,510,510,
29434,1,510,509,2,510,509,3,511,510,4,511,510,5,511,509,6,510,510,7,510,510,
29509,1,510,509,2,510,509,3,511,510,4,511,510,5,511,509,6,510,510,7,510,510,
29584,1,510,509,2,510,509,3,511,510,4,511,510,5,511,509,6,510,510,7,510,510,
29659,1,510,509,2,510,509,3,511,510,4,511,510,5,511,509,6,510,510,7,510,510,
29734,1,510,509,2,510,509,3,511,510,4,511,510,5,511,509,6,510,510,7,510,510,
29809,1,510,509,2,510,509,3,511,510,4,511,510,5,511,509,6,510,510,7,510,510,
29884,1,510,509,2,510,509,3,511,510,4,511,510,5,511,509,6,511,510,7,510,510,
29959,1,510,509,2,510,509,3,511,510,4,511,510,5,511,509,6,511,510,7,510,510,
30034,1,510,509,2,510,509,3,511,510,4,511,510,5,511,510,6,511,510,7,510,510,
30109,1,510,509,2,510,509,3,511,510,4,511,510,5,511,509,6,511,510,7,510,510,
30184,1,510,509,2,510,509,3,511,510,4,511,510,5,511,509,6,511,510,7,510,510,
30259,1,510,509,2,510,509,3,511,510,4,511,510,5,511,509,6,511,510,7,510,510,
30334,1,510,509,2,510,509,3,511,510,4,511,510,5,511,509,6,511,510,7,510,510,
30409,1,510,509,2,510,509,3,511,510,4,511,510,5,511,509,6,511,510,7,510,510,
30484,1,510,509,2,510,509,3,511,510,4,511,510,5,511,509,6,511,510,7,510,510,
30559,1,510,509,2,510,509,3,511,510,4,511,510,5,511,509,6,511,510,7,510,510,
30634,1,510,509,2,510,509,3,511,510,4,511,510,5,511,509,6,511,510,7,510,510,
30709,1,510,509,2,510,509,3,511,510,4,511,510,5,511,509,6,511,510,7,510,510,
30784,1,510,509,2,510,509,3,511,510,4,511,510,5,511,509,6,511,510,7,510,510,
30859,1,510,509,2,510,509,3,511,510,4,511,510,5,511,509,6,511,510,7,510,510,
30934,1,510,509,2,510,509,3,511,510,4,511,510,5,511,509,6,511,510,7,510,510,
31009,1,510,509,2,510,509,3,511,510,4,511,510,5,511,509,6,511,510,7,510,510,
31084,1,510,509,2,510,509,3,511,510,4,511,510,5,511,509,6,511,510,7,510,510,
31159,1,510,509,2,510,509,3,511,510,4,511,510,5,511,509,6,511,510,7,510,510,
31234,1,510,509,2,510,509,3,511,510,4,511,510,5,511,509,6,511,510,7,510,510,
31309,1,510,509,2,510,509,3,510,510,4,511,510,5,511,509,6,511,510,7,510,510,
31384,1,510,509,2,510,509,3,510,510,4,511,510,5,511,509,6,511,510,7,510,510,
31459,1,510,510,2,510,509,3,510,510,4,511,510,5,511,509,6,511,510,7,510,510,
31534,1,510,509,2,510,509,3,510,510,4,511,510,5,511,509,6,511,510,7,510,510,
31609,1,510,509,2,510,509,3,510,510,4,511,510,5,511,509,6,511,510,7,510,510,
31684,1,510,510,2,510,509,3,510,510,4,511,510,5,511,509,6,511,510,7,510,510,
31759,1,510,509,2,510,509,3,510,510,4,511,510,5,511,509,6,511,510,7,510,510,
31834,1,510,509,2,510,509,3,510,510,4,511,510,5,511,509,6,511,510,7,510,510,
31909,1,510,509,2,510,509,3,510,510,4,511,510,5,511,509,6,511,510,7,510,510,
31984,1,510,509,2,510,509,3,510,510,4,511,510,5,511,509,6,511,510,7,510,510,
32059,1,510,509,2,510,509,3,510,510,4,511,510,5,511,509,6,511,510,7,510,510,
32134,1,510,509,2,510,509,3,510,510,4,511,510,5,511,509,6,511,510,7,510,510,
32209,1,510,509,2,510,509,3,510,510,4,511,510,5,511,509,6,511,510,7,510,510,
32284,1,510,509,2,510,509,3,510,510,4,511,510,5,511,509,6,511,510,7,510,510,
32359,1,510,509,2,510,509,3,510,510,4,511,510,5,511,509,6,511,510,7,510,510,
32434,1,510,509,2,510,509,3,510,510,4,511,510,5,511,509,6,511,510,7,510,510,
32509,1,510,509,2,510,509,3,510,510,4,511,510,5,511,509,6,511,510,7,510,510,
32584,1,510,510,2,510,509,3,510,510,4,511,510,5,511,509,6,511,510,7,510,510,
32659,1,510,509,2,510,509,3,510,510,4,511,510,5,511,509,6,511,510,7,510,510,
32734,1,510,509,2,510,509,3,510,510,4,511,510,5,511,509,6,511,510,7,511,510,
32809,1,510,509,2,510,509,3,510,510,4,511,510,5,511,509,6,511,510,7,511,510,
32884,1,510,509,2,510,509,3,510,510,4,511,510,5,511,509,6,511,510,7,511,510,
32959,1,510,509,2,510,510,3,510,510,4,511,510,5,511,509,6,511,510,7,511,510,
33034,1,510,509,2,510,509,3,510,510,4,511,511,5,511,509,6,511,510,7,511,510,
33109,1,510,509,2,510,509,3,510,510,4,511,510,5,511,509,6,511,510,7,511,510,
33184,1,510,509,2,510,509,3,510,510,4,511,510,5,511,507,6,511,510,7,511,510,
33259,1,510,509,2,510,509,3,510,510,4,511,510,5,511,509,6,511,510,7,511,510,
33334,1,510,510,2,510,509,3,510,510,4,511,510,5,511,509,6,511,510,7,511,510,
33409,1,510,509,2,510,509,3,510,510,4,511,510,5,511,509,6,511,510,7,511,510,
33484,1,510,509,2,510,509,3,510,510,4,511,510,5,511,509,6,511,510,7,511,510,
33559,1,510,509,2,510,509,3,510,510,4,511,510,5,511,509,6,511,510,7,511,510,
33634,1,510,509,2,510,509,3,510,509,4,511,510,5,511,509,6,511,510,7,511,510,
33709,1,510,509,2,510,509,3,510,510,4,511,510,5,511,509,6,511,510,7,511,510,
33784,1,510,509,2,510,509,3,510,510,4,511,510,5,511,509,6,511,510,7,511,510,
33859,1,510,509,2,510,509,3,510,510,4,511,510,5,511,509,6,511,510,7,511,510,
33934,1,510,509,2,510,509,3,510,510,4,511,510,5,511,509,6,511,510,7,511,510,
34009,1,510,509,2,510,509,3,510,510,4,511,510,5,511,509,6,511,510,7,511,510,
34084,1,510,510,2,510,509,3,510,510,4,510,510,5,511,509,6,511,510,7,511,510,
34159,1,510,509,2,510,509,3,510,510,4,510,510,5,511,509,6,511,510,7,511,510,
34234,1,510,510,2,510,509,3,510,510,4,510,510,5,511,509,6,511,510,7,511,510,
34309,1,510,509,2,510,509,3,510,510,4,510,510,5,511,509,6,511,510,7,511,510,
34384,1,510,509,2,510,509,3,510,510,4,510,510,5,511,509,6,511,510,7,511,510,
34459,1,510,509,2,510,509,3,510,510,4,510,510,5,511,509,6,511,510,7,511,510,
34534,1,510,509,2,510,509,3,510,510,4,510,510,5,511,509,6,511,510,7,511,510,
34609,1,510,509,2,510,509,3,510,510,4,510,510,5,511,509,6,511,510,7,511,510,
34684,1,510,509,2,510,509,3,510,510,4,510,510,5,511,509,6,511,510,7,511,510,
34759,1,510,509,2,510,509,3,510,510,4,510,510,5,511,509,6,511,510,7,511,510,
34834,1,510,509,2,510,509,3,510,510,4,510,510,5,511,509,6,511,510,7,511,510,
34909,1,510,509,2,510,509,3,510,510,4,510,510,5,511,509,6,511,510,7,511,510,
34984,1,510,509,2,510,509,3,510,510,4,510,510,5,511,509,6,511,510,7,511,510,
35059,1,510,509,2,510,509,3,510,510,4,510,510,5,511,509,6,511,510,7,511,510,
35134,1,510,509,2,510,509,3,510,510,4,510,510,5,511,509,6,511,510,7,511,510,
35209,1,510,509,2,510,509,3,510,510,4,510,510,5,511,509,6,511,510,7,511,510,
35284,1,510,509,2,510,509,3,510,510,4,510,510,5,511,509,6,511,510,7,511,510,
35359,1,510,509,2,510,509,3,510,510,4,510,510,5,511,509,6,511,510,7,511,510,
35434,1,510,509,2,510,509,3,510,510,4,510,510,5,511,509,6,511,510,7,511,510,
35509,1,511,510,2,510,509,3,510,510,4,510,510,5,511,509,6,511,510,7,511,510,
35584,1,511,509,2,510,509,3,510,510,4,510,510,5,511,509,6,511,510,7,511,510,
35659,1,511,509,2,510,509,3,510,510,4,510,510,5,511,509,6,511,510,7,511,510,
35734,1,511,509,2,510,509,3,510,510,4,510,510,5,511,509,6,511,510,7,511,510,
35809,1,511,509,2,510,509,3,510,510,4,510,510,5,511,509,6,511,510,7,511,510,
35884,1,511,509,2,510,509,3,510,510,4,510,510,5,511,509,6,511,510,7,511,510,
35959,1,511,509,2,510,510,3,510,510,4,510,510,5,511,509,6,511,510,7,511,510,
36034,1,511,509,2,510,509,3,510,510,4,510,510,5,511,509,6,511,510,7,511,510,