timestamp,id01,m01_gp,m01_pp,id02,m02_gp,m02_pp,id03,m03_gp,m03_pp,id04,m04_gp,m04_pp,id05,m05_gp,m05_pp,id06,m06_gp,m06_pp,id07,m07_gp,m07_pp,
2903,1,630,569,2,630,588,3,630,494,4,630,405,5,630,397,6,630,469,7,630,575,
2955,1,623,569,2,626,588,3,626,494,4,626,405,5,626,397,6,626,469,7,626,575,
3009,1,616,569,2,623,588,3,612,494,4,612,405,5,612,397,6,612,469,7,612,575,
3064,1,614,569,2,623,588,3,595,494,4,589,405,5,589,397,6,589,469,7,589,575,
3122,1,612,569,2,624,588,3,582,494,4,562,405,5,560,397,6,560,469,7,560,575,
3180,1,610,569,2,625,588,3,573,494,4,536,405,5,527,397,6,526,469,7,526,575,
3241,1,608,569,2,626,588,3,569,494,4,514,405,5,495,397,6,491,469,7,491,575,
3302,1,607,569,2,627,588,3,567,494,4,498,405,5,466,397,6,459,469,7,458,575,
3364,1,605,569,2,627,588,3,566,494,4,487,405,5,445,397,6,432,469,7,429,575,
3428,1,603,569,2,628,588,3,567,494,4,480,405,5,429,397,6,412,469,7,408,575,
3492,1,601,569,2,628,588,3,569,494,4,476,405,5,418,397,6,399,469,7,395,575,
3557,1,599,569,2,629,588,3,571,494,4,475,405,5,412,397,6,393,469,7,391,575,
3623,1,597,569,2,629,588,3,573,494,4,474,405,5,407,397,6,391,469,7,394,575,
3689,1,595,569,2,630,588,3,575,494,4,475,405,5,405,397,6,391,469,7,402,575,
3756,1,593,569,2,630,588,3,577,494,4,476,405,5,404,397,6,393,469,7,413,575,
3823,1,591,569,2,630,588,3,579,494,4,478,405,5,403,397,6,394,469,7,424,575,
3891,1,589,569,2,630,588,3,582,494,4,480,405,5,403,397,6,396,469,7,435,575,
3959,1,587,569,2,630,588,3,584,494,4,483,405,5,404,397,6,397,469,7,444,575,
4027,1,585,568,2,630,588,3,586,494,4,485,405,5,404,397,6,397,469,7,451,575,
4095,1,582,568,2,630,588,3,588,494,4,488,405,5,405,397,6,398,469,7,456,575,
4163,1,580,568,2,630,589,3,590,494,4,491,405,5,406,397,6,397,469,7,459,575,
4231,1,578,568,2,630,589,3,593,494,4,493,405,5,407,397,6,397,469,7,461,575,
4300,1,575,568,2,630,588,3,595,494,4,496,405,5,409,397,6,397,469,7,462,575,
4369,1,573,568,2,630,588,3,597,494,4,499,405,5,410,397,6,396,469,7,462,575,
4438,1,570,567,2,629,588,3,599,494,4,502,405,5,412,397,6,395,469,7,461,575,
4507,1,568,567,2,629,588,3,601,494,4,505,405,5,413,397,6,395,469,7,460,575,
4576,1,565,567,2,628,588,3,602,494,4,508,405,5,415,397,6,394,469,7,458,575,
4645,1,563,567,2,627,588,3,604,494,4,510,405,5,417,397,6,393,469,7,457,575,
4714,1,560,567,2,627,588,3,606,494,4,513,405,5,419,397,6,393,469,7,455,575,
4783,1,557,567,2,626,588,3,608,494,4,516,405,5,420,397,6,392,469,7,452,575,
4852,1,555,567,2,625,588,3,609,494,4,519,405,5,422,397,6,392,469,7,450,575,
4921,1,552,567,2,624,588,3,611,494,4,522,405,5,424,397,6,391,469,7,448,575,
4990,1,549,567,2,623,588,3,613,494,4,525,405,5,426,397,6,391,469,7,446,575,
5059,1,547,567,2,622,588,3,614,494,4,528,405,5,428,397,6,391,469,7,443,575,
5134,1,544,550,2,621,610,3,615,524,4,531,436,5,430,418,6,391,420,7,441,522,
5209,1,541,534,2,620,616,3,617,594,4,533,514,5,433,430,6,391,373,7,439,435,
5284,1,538,535,2,619,620,3,618,629,4,536,546,5,435,436,6,391,396,7,436,432,
5359,1,535,543,2,618,625,3,619,622,4,539,537,5,437,435,6,391,389,7,434,440,
5434,1,533,537,2,616,618,3,621,614,4,542,536,5,439,434,6,391,387,7,432,435,
5509,1,530,531,2,615,616,3,622,622,4,545,543,5,442,438,6,391,389,7,430,433,
5584,1,527,530,2,614,616,3,623,621,4,547,544,5,444,440,6,391,391,7,428,430,
5659,1,524,527,2,612,614,3,624,620,4,550,545,5,447,442,6,391,391,7,426,430,
5734,1,521,523,2,611,612,3,625,622,4,553,548,5,449,445,6,392,391,7,424,428,
5809,1,518,520,2,609,612,3,626,623,4,555,551,5,452,448,6,392,392,7,422,426,
5884,1,515,516,2,607,609,3,626,624,4,558,552,5,454,450,6,393,392,7,420,423,
5959,1,513,515,2,606,606,3,627,624,4,561,556,5,457,450,6,393,392,7,418,420,
6034,1,510,512,2,604,605,3,628,625,4,563,559,5,459,455,6,394,392,7,416,419,
6109,1,507,509,2,602,604,3,628,625,4,566,561,5,462,457,6,394,392,7,414,418,
6184,1,504,508,2,600,603,3,629,625,4,568,564,5,464,460,6,395,392,7,413,415,
6259,1,501,504,2,598,601,3,629,627,4,571,567,5,467,462,6,396,393,7,411,415,
6334,1,498,501,2,596,598,3,630,627,4,573,569,5,470,465,6,397,395,7,409,413,
6409,1,495,497,2,594,596,3,630,628,4,576,571,5,473,468,6,398,395,7,408,408,
6484,1,492,495,2,592,594,3,630,628,4,578,574,5,475,471,6,399,396,7,406,408,
6559,1,490,492,2,590,593,3,630,628,4,581,576,5,478,473,6,400,398,7,405,408,
6634,1,487,490,2,588,590,3,630,628,4,583,580,5,481,476,6,401,398,7,404,406,
6709,1,484,487,2,585,588,3,630,628,4,585,581,5,484,480,6,402,398,7,402,405,
6784,1,481,485,2,583,586,3,630,628,4,587,583,5,486,482,6,404,400,7,401,403,
6859,1,478,482,2,581,583,3,630,628,4,590,586,5,489,484,6,405,403,7,400,403,
6934,1,476,478,2,579,582,3,630,629,4,592,589,5,492,487,6,406,403,7,399,402,
7009,1,473,477,2,576,580,3,630,629,4,594,589,5,495,490,6,408,404,7,398,399,
7084,1,470,475,2,574,577,3,630,629,4,596,592,5,498,493,6,409,405,7,397,399,
7159,1,467,470,2,571,575,3,629,629,4,598,595,5,501,496,6,411,406,7,396,399,
7234,1,465,468,2,569,572,3,629,629,4,600,597,5,504,498,6,413,409,7,395,397,
7309,1,462,466,2,566,570,3,628,629,4,602,598,5,506,503,6,414,412,7,394,397,
7384,1,460,465,2,564,569,3,628,629,4,604,601,5,509,504,6,416,412,7,394,395,
7459,1,457,462,2,561,566,3,627,628,4,605,602,5,512,508,6,418,414,7,393,395,
7534,1,454,459,2,558,564,3,626,629,4,607,604,5,515,511,6,420,417,7,393,395,
7609,1,452,456,2,556,561,3,626,628,4,609,605,5,518,514,6,421,419,7,392,395,
7684,1,449,453,2,553,558,3,625,628,4,610,608,5,521,516,6,423,419,7,392,394,
7759,1,447,452,2,550,555,3,624,627,4,612,610,5,524,518,6,425,421,7,391,394,
7834,1,444,449,2,548,553,3,623,627,4,613,611,5,527,523,6,428,422,7,391,394,
7909,1,442,446,2,545,551,3,622,625,4,615,611,5,529,526,6,430,427,7,391,394,
7984,1,440,444,2,542,548,3,621,624,4,616,614,5,532,527,6,432,428,7,391,394,
8059,1,437,443,2,539,545,3,620,624,4,618,616,5,535,531,6,434,430,7,391,392,
8134,1,435,441,2,537,543,3,618,623,4,619,618,5,538,536,6,436,433,7,391,392,
8209,1,433,438,2,534,540,3,617,620,4,620,618,5,541,537,6,438,434,7,391,392,
8284,1,431,436,2,531,539,3,616,620,4,621,619,5,543,538,6,441,436,7,391,392,
8359,1,429,434,2,528,534,3,614,620,4,622,619,5,546,542,6,443,440,7,391,392,
8434,1,427,433,2,525,532,3,613,618,4,623,621,5,549,545,6,446,442,7,391,392,
8509,1,425,433,2,522,530,3,611,617,4,624,622,5,552,547,6,448,444,7,391,392,
8584,1,423,432,2,519,526,3,610,614,4,625,625,5,554,551,6,450,446,7,392,392,
8659,1,421,427,2,517,524,3,608,614,4,626,625,5,557,553,6,453,449,7,392,392,
8734,1,419,424,2,514,523,3,606,611,4,627,626,5,560,556,6,456,451,7,393,392,
8809,1,417,423,2,511,518,3,605,609,4,627,627,5,562,560,6,458,455,7,393,391,
8884,1,415,421,2,508,515,3,603,608,4,628,628,5,565,560,6,461,457,7,394,392,
8959,1,413,421,2,505,513,3,601,606,4,629,628,5,567,563,6,463,460,7,395,392,
9034,1,412,418,2,502,509,3,599,605,4,629,630,5,570,566,6,466,461,7,396,395,
9109,1,410,415,2,499,507,3,597,603,4,629,630,5,572,567,6,469,464,7,396,395,
9184,1,409,413,2,496,503,3,595,600,4,630,630,5,575,571,6,471,467,7,397,395,
9259,1,407,413,2,494,499,3,593,598,4,630,630,5,577,574,6,474,469,7,398,396,
9334,1,406,412,2,491,498,3,591,596,4,630,631,5,580,577,6,477,473,7,399,397,
9409,1,404,410,2,488,496,3,589,595,4,630,631,5,582,579,6,480,476,7,401,398,
9484,1,403,409,2,485,493,3,586,592,4,630,631,5,584,580,6,482,478,7,402,402,
9559,1,402,406,2,482,491,3,584,589,4,630,631,5,586,583,6,485,481,7,403,402,
9634,1,401,406,2,480,485,3,582,587,4,630,631,5,589,583,6,488,483,7,404,402,
9709,1,399,406,2,477,484,3,579,584,4,630,631,5,591,589,6,491,487,7,406,402,
9784,1,398,403,2,474,481,3,577,583,4,630,631,5,593,590,6,494,490,7,407,403,
9859,1,397,401,2,471,479,3,575,580,4,630,631,5,595,592,6,497,494,7,409,407,
9934,1,396,401,2,469,475,3,572,578,4,629,631,5,597,593,6,499,496,7,410,408,
10009,1,396,401,2,466,472,3,570,575,4,629,631,5,599,596,6,502,498,7,412,409,
10084,1,395,401,2,463,470,3,567,574,4,629,631,5,601,597,6,505,500,7,413,411,
10159,1,394,401,2,461,467,3,565,570,4,628,631,5,603,598,6,508,504,7,415,412,
10234,1,393,399,2,458,466,3,562,568,4,627,630,5,605,602,6,511,507,7,417,413,
10309,1,393,397,2,455,464,3,560,566,4,627,629,5,606,604,6,514,511,7,419,415,
10384,1,392,396,2,453,459,3,557,563,4,626,629,5,608,604,6,517,512,7,421,418,
10459,1,392,396,2,450,457,3,554,560,4,625,628,5,610,607,6,520,518,7,423,420,
10534,1,391,396,2,448,454,3,551,557,4,624,627,5,611,608,6,522,518,7,425,423,
10609,1,391,396,2,445,453,3,549,554,4,623,626,5,613,610,6,525,522,7,427,423,
10684,1,391,396,2,443,449,3,546,553,4,622,625,5,614,611,6,528,524,7,429,427,
10759,1,391,396,2,441,446,3,543,549,4,621,625,5,616,613,6,531,528,7,431,428,
10834,1,391,396,2,438,445,3,541,547,4,620,624,5,617,614,6,534,529,7,433,430,
10909,1,391,396,2,436,443,3,538,545,4,619,622,5,618,614,6,537,535,7,435,433,
10984,1,391,396,2,434,440,3,535,541,4,618,622,5,620,618,6,540,535,7,438,433,
11059,1,391,396,2,432,439,3,532,537,4,616,620,5,621,618,6,542,539,7,440,437,
11134,1,391,394,2,430,436,3,529,535,4,615,618,5,622,620,6,545,543,7,442,440,
11209,1,391,394,2,427,435,3,526,531,4,613,618,5,623,620,6,548,544,7,445,441,
11284,1,391,394,2,425,430,3,524,528,4,612,616,5,624,621,6,551,547,7,447,442,
11359,1,392,394,2,423,429,3,521,527,4,610,614,5,625,622,6,553,551,7,449,447,
11434,1,392,394,2,421,427,3,518,524,4,609,612,5,626,624,6,556,551,7,452,448,
11509,1,393,394,2,419,425,3,515,521,4,607,611,5,626,624,6,559,555,7,454,453,
11584,1,393,394,2,418,424,3,512,518,4,605,609,5,627,624,6,561,558,7,457,453,
11659,1,394,394,2,416,423,3,509,515,4,603,607,5,628,626,6,564,560,7,460,456,
11734,1,395,395,2,414,421,3,506,513,4,602,606,5,628,626,6,566,564,7,462,460,
11809,1,395,396,2,412,418,3,503,509,4,600,606,5,629,626,6,569,564,7,465,460,
11884,1,396,396,2,411,416,3,501,506,4,598,601,5,629,628,6,571,569,7,468,466,
11959,1,397,397,2,409,414,3,498,504,4,596,600,5,630,628,6,574,569,7,470,467,
12034,1,398,399,2,408,414,3,495,503,4,594,599,5,630,628,6,576,574,7,473,469,
12109,1,399,401,2,406,412,3,492,498,4,592,595,5,630,628,6,579,575,7,476,472,
12184,1,400,401,2,405,411,3,489,495,4,589,594,5,630,629,6,581,580,7,479,473,
12259,1,401,401,2,404,410,3,486,492,4,587,592,5,630,628,6,583,581,7,481,479,
12334,1,403,402,2,402,409,3,483,489,4,585,589,5,630,629,6,586,581,7,484,480,
12409,1,404,404,2,401,406,3,481,486,4,583,587,5,630,629,6,588,586,7,487,482,
12484,1,405,406,2,400,404,3,478,484,4,580,585,5,630,629,6,590,586,7,490,487,
12559,1,407,406,2,399,404,3,475,482,4,578,582,5,630,629,6,592,590,7,493,488,
12634,1,408,410,2,398,404,3,472,479,4,576,581,5,630,629,6,594,590,7,495,492,
12709,1,410,410,2,397,403,3,470,476,4,573,578,5,630,629,6,596,593,7,498,494,
12784,1,411,411,2,396,403,3,467,473,4,571,575,5,629,629,6,598,596,7,501,497,
12859,1,413,412,2,395,401,3,464,470,4,568,572,5,629,629,6,600,596,7,504,499,
12934,1,415,414,2,394,401,3,462,467,4,566,569,5,628,629,6,602,599,7,507,503,
13009,1,416,416,2,394,399,3,459,465,4,563,568,5,628,629,6,604,600,7,510,505,
13084,1,418,418,2,393,399,3,456,462,4,561,565,5,627,629,6,606,604,7,513,511,
13159,1,420,420,2,392,399,3,454,459,4,558,562,5,626,628,6,607,604,7,516,511,
13234,1,422,421,2,392,396,3,451,457,4,555,560,5,625,627,6,609,606,7,518,514,
13309,1,424,423,2,392,396,3,449,455,4,553,556,5,625,626,6,611,607,7,521,516,
13384,1,426,425,2,391,396,3,446,453,4,550,555,5,624,625,6,612,611,7,524,521,
13459,1,428,427,2,391,395,3,444,449,4,547,552,5,623,625,6,614,612,7,527,521,
13534,1,430,430,2,391,395,3,442,447,4,544,548,5,622,625,6,615,612,7,530,528,
13609,1,432,431,2,391,395,3,439,445,4,542,546,5,621,624,6,617,613,7,533,529,
13684,1,434,433,2,391,395,3,437,442,4,539,544,5,619,621,6,618,614,7,536,532,
13759,1,437,435,2,391,394,3,435,439,4,536,540,5,618,620,6,619,617,7,538,537,
13834,1,439,438,2,391,394,3,433,438,4,533,537,5,617,618,6,620,617,7,541,538,
13909,1,441,441,2,391,394,3,430,436,4,530,534,5,615,618,6,621,618,7,544,538,
13984,1,444,443,2,391,394,3,428,432,4,528,531,5,614,617,6,623,621,7,547,542,
14059,1,446,444,2,391,394,3,426,432,4,525,530,5,613,616,6,624,621,7,549,547,
14134,1,448,446,2,392,394,3,424,429,4,522,526,5,611,614,6,624,623,7,552,548,
14209,1,451,449,2,392,394,3,422,427,4,519,523,5,609,611,6,625,623,7,555,550,
14284,1,453,452,2,392,394,3,420,424,4,516,520,5,608,610,6,626,623,7,557,556,
14359,1,456,454,2,393,394,3,418,422,4,513,518,5,606,608,6,627,623,7,560,556,
14434,1,459,457,2,394,394,3,417,420,4,510,514,5,604,607,6,628,630,7,563,558,
14509,1,461,459,2,394,395,3,415,419,4,507,511,5,602,604,6,628,628,7,565,564,
14584,1,464,463,2,395,395,3,413,417,4,505,508,5,601,603,6,629,628,7,568,564,
14659,1,466,465,2,396,396,3,411,415,4,502,507,5,599,602,6,629,628,7,570,568,
14734,1,469,465,2,397,396,3,410,414,4,499,503,5,597,601,6,630,628,7,573,568,
14809,1,472,469,2,398,397,3,408,412,4,496,500,5,595,598,6,630,628,7,575,572,
14884,1,475,473,2,399,399,3,407,409,4,493,497,5,592,596,6,630,628,7,578,574,
14959,1,477,475,2,400,399,3,405,409,4,490,495,5,590,593,6,630,629,7,580,577,
15034,1,480,475,2,401,400,3,404,408,4,487,491,5,588,591,6,630,628,7,582,579,
15109,1,483,481,2,402,400,3,403,406,4,485,489,5,586,589,6,630,628,7,585,582,
15184,1,486,482,2,403,401,3,402,405,4,482,486,5,584,587,6,630,628,7,587,582,
15259,1,489,486,2,405,402,3,400,404,4,479,483,5,581,586,6,630,628,7,589,587,
15334,1,491,488,2,406,404,3,399,401,4,476,481,5,579,582,6,630,628,7,591,588,
15409,1,494,491,2,407,405,3,398,401,4,474,476,5,577,580,6,630,628,7,593,590,
15484,1,497,493,2,409,405,3,397,400,4,471,475,5,574,577,6,630,628,7,595,595,
15559,1,500,497,2,411,408,3,396,400,4,468,472,5,572,575,6,629,629,7,597,595,
15634,1,503,500,2,412,410,3,395,399,4,465,470,5,569,573,6,629,629,7,599,595,
15709,1,506,503,2,414,411,3,395,398,4,463,466,5,567,569,6,628,628,7,601,599,
15784,1,509,506,2,416,413,3,394,398,4,460,463,5,564,569,6,628,628,7,603,599,
15859,1,512,509,2,417,415,3,393,396,4,458,461,5,562,565,6,627,628,7,605,602,
15934,1,514,512,2,419,415,3,393,395,4,455,459,5,559,563,6,627,628,7,607,603,
16009,1,517,512,2,421,421,3,392,395,4,452,455,5,556,559,6,626,628,7,608,606,
16084,1,520,518,2,423,421,3,392,395,4,450,453,5,554,556,6,625,627,7,610,607,
16159,1,523,519,2,425,421,3,391,395,4,447,451,5,551,555,6,624,625,7,612,610,
16234,1,526,522,2,427,425,3,391,394,4,445,448,5,548,553,6,623,624,7,613,608,
16309,1,529,526,2,429,426,3,391,393,4,443,446,5,546,549,6,622,623,7,615,614,
16384,1,532,527,2,431,427,3,391,392,4,440,444,5,543,546,6,621,622,7,616,614,
16459,1,534,530,2,433,430,3,391,392,4,438,440,5,540,543,6,620,620,7,617,612,
16534,1,537,533,2,436,432,3,391,392,4,436,439,5,537,540,6,619,621,7,619,617,
16609,1,540,535,2,438,433,3,391,392,4,433,437,5,534,537,6,617,618,7,620,619,
16684,1,543,539,2,440,437,3,391,392,4,431,434,5,532,534,6,616,617,7,621,619,
16759,1,546,541,2,443,439,3,391,392,4,429,432,5,529,532,6,615,617,7,622,619,
16834,1,548,544,2,445,442,3,391,392,4,427,429,5,526,529,6,613,614,7,623,623,
16909,1,551,547,2,447,444,3,391,392,4,425,427,5,523,526,6,612,612,7,624,623,
16984,1,554,549,2,450,446,3,392,392,4,423,425,5,520,522,6,610,611,7,625,623,
17059,1,556,552,2,452,449,3,392,392,4,421,423,5,517,520,6,608,609,7,626,623,
17134,1,559,553,2,455,451,3,393,392,4,419,421,5,514,517,6,607,608,7,627,624,
17209,1,562,557,2,458,453,3,393,392,4,417,420,5,512,513,6,605,606,7,627,625,
17284,1,564,560,2,460,456,3,394,392,4,416,417,5,509,512,6,603,604,7,628,626,
17359,1,567,562,2,463,459,3,395,392,4,414,416,5,506,509,6,601,602,7,628,627,
17434,1,569,564,2,465,460,3,395,393,4,412,414,5,503,506,6,599,600,7,629,628,
17509,1,572,567,2,468,464,3,396,394,4,411,412,5,500,503,6,597,597,7,629,628,
17584,1,574,569,2,471,466,3,397,394,4,409,411,5,497,498,6,595,597,7,630,628,
17659,1,577,571,2,474,469,3,398,394,4,407,408,5,494,496,6,593,593,7,630,628,
17734,1,579,574,2,476,471,3,399,395,4,406,406,5,491,494,6,591,593,7,630,628,
17809,1,581,577,2,479,473,3,400,395,4,405,405,5,489,490,6,589,590,7,630,628,
17884,1,584,576,2,482,475,3,402,398,4,403,405,5,486,488,6,587,589,7,630,628,
17959,1,586,581,2,485,478,3,403,399,4,402,402,5,483,484,6,585,585,7,630,628,
18034,1,588,582,2,487,481,3,404,400,4,401,402,5,480,482,6,582,585,7,630,628,
18109,1,590,584,2,490,483,3,405,400,4,400,401,5,477,480,6,580,580,7,630,628,
18184,1,592,586,2,493,485,3,407,401,4,399,400,5,475,476,6,578,580,7,630,628,
18259,1,595,587,2,496,488,3,408,402,4,398,397,5,472,476,6,575,577,7,630,628,
18334,1,597,589,2,499,491,3,410,402,4,397,396,5,469,471,6,573,574,7,630,628,
18409,1,599,593,2,502,494,3,411,404,4,396,396,5,466,469,6,570,572,7,629,628,
18484,1,601,595,2,505,498,3,413,405,4,395,394,5,464,464,6,568,569,7,629,628,
18559,1,602,597,2,507,499,3,415,409,4,394,393,5,461,464,6,565,568,7,628,628,
18634,1,604,597,2,510,502,3,417,412,4,394,393,5,459,460,6,563,564,7,628,628,
18709,1,606,598,2,513,506,3,418,412,4,393,392,5,456,458,6,560,562,7,627,628,
18784,1,608,598,2,516,508,3,420,413,4,392,389,5,453,455,6,557,558,7,626,628,
18859,1,609,602,2,519,512,3,422,415,4,392,388,5,451,451,6,555,556,7,625,627,
18934,1,611,605,2,522,513,3,424,417,4,392,388,5,448,450,6,552,554,7,624,626,
19009,1,613,605,2,525,517,3,426,419,4,391,388,5,446,447,6,549,551,7,624,625,
19084,1,614,608,2,528,518,3,428,422,4,391,387,5,444,445,6,547,548,7,623,625,
19159,1,615,609,2,530,523,3,430,423,4,391,387,5,441,443,6,544,547,7,621,625,
19234,1,617,610,2,533,526,3,433,425,4,391,387,5,439,440,6,541,543,7,620,623,
19309,1,618,610,2,536,529,3,435,429,4,391,387,5,437,438,6,538,539,7,619,620,
19384,1,619,613,2,539,530,3,437,430,4,391,387,5,434,435,6,536,537,7,618,620,
19459,1,621,614,2,542,533,3,439,433,4,391,387,5,432,433,6,533,536,7,617,619,
19534,1,622,614,2,544,538,3,442,435,4,391,387,5,430,430,6,530,531,7,615,617,
19609,1,623,617,2,547,539,3,444,437,4,391,387,5,428,430,6,527,529,7,614,616,
19684,1,624,618,2,550,542,3,446,439,4,391,387,5,426,427,6,524,526,7,612,615,
19759,1,625,618,2,553,545,3,449,441,4,392,387,5,424,424,6,521,523,7,611,613,
19834,1,625,619,2,555,547,3,451,443,4,392,387,5,422,423,6,518,522,7,609,613,
19909,1,626,620,2,558,549,3,454,447,4,392,387,5,420,421,6,516,516,7,607,608,
19984,1,627,619,2,561,553,3,456,448,4,393,388,5,418,419,6,513,516,7,606,608,
20059,1,628,621,2,563,556,3,459,449,4,394,387,5,416,417,6,510,512,7,604,608,
20134,1,628,622,2,566,557,3,462,455,4,394,389,5,415,415,6,507,509,7,602,605,
20209,1,629,622,2,568,561,3,464,457,4,395,389,5,413,415,6,504,506,7,600,603,
20284,1,629,624,2,571,564,3,467,460,4,396,389,5,411,413,6,501,502,7,598,601,
20359,1,630,624,2,573,565,3,470,462,4,397,392,5,410,410,6,498,502,7,596,599,
20434,1,630,624,2,576,567,3,472,465,4,398,392,5,408,410,6,495,497,7,594,598,
20509,1,630,624,2,578,571,3,475,467,4,399,394,5,407,407,6,493,493,7,592,595,
20584,1,630,624,2,580,573,3,478,470,4,400,394,5,405,407,6,490,493,7,590,592,
20659,1,630,624,2,583,575,3,481,473,4,401,395,5,404,405,6,487,490,7,588,590,
20734,1,630,624,2,585,578,3,483,477,4,402,396,5,403,404,6,484,486,7,586,590,
20809,1,630,624,2,587,580,3,486,479,4,404,397,5,401,402,6,481,483,7,583,587,
20884,1,630,624,2,589,581,3,489,481,4,405,400,5,400,400,6,479,481,7,581,584,
20959,1,630,624,2,592,583,3,492,484,4,406,401,5,399,400,6,476,478,7,579,585,
21034,1,630,624,2,594,587,3,495,487,4,408,401,5,398,398,6,473,475,7,576,580,
21109,1,630,624,2,596,589,3,498,490,4,409,403,5,397,398,6,470,472,7,574,577,
21184,1,629,624,2,598,592,3,501,493,4,411,405,5,396,397,6,468,470,7,571,575,
21259,1,629,624,2,600,593,3,503,496,4,412,406,5,395,397,6,465,468,7,569,572,
21334,1,628,624,2,602,595,3,506,497,4,414,409,5,395,394,6,462,464,7,566,572,
21409,1,628,624,2,603,596,3,509,502,4,416,410,5,394,394,6,460,462,7,564,565,
21484,1,627,624,2,605,597,3,512,504,4,418,412,5,393,394,6,457,460,7,561,565,
21559,1,626,624,2,607,599,3,515,508,4,419,414,5,393,393,6,454,457,7,559,562,
21634,1,626,623,2,609,602,3,518,511,4,421,415,5,392,392,6,452,454,7,556,558,
21709,1,625,623,2,610,604,3,521,514,4,423,417,5,392,392,6,449,452,7,553,559,
21784,1,624,622,2,612,605,3,524,517,4,425,420,5,391,392,6,447,449,7,551,551,
21859,1,623,621,2,613,607,3,526,520,4,427,422,5,391,391,6,445,447,7,548,551,
21934,1,622,620,2,615,607,3,529,522,4,430,424,5,391,391,6,442,445,7,545,550,
22009,1,621,619,2,616,611,3,532,525,4,432,426,5,391,391,6,440,442,7,542,545,
22084,1,620,618,2,618,611,3,535,528,4,434,428,5,391,391,6,438,440,7,540,543,
22159,1,618,617,2,619,612,3,538,531,4,436,430,5,391,390,6,435,438,7,537,540,
22234,1,617,614,2,620,614,3,541,534,4,438,433,5,391,391,6,433,434,7,534,538,
22309,1,616,613,2,621,614,3,543,537,4,441,434,5,391,391,6,431,433,7,531,535,
22384,1,614,613,2,622,614,3,546,539,4,443,438,5,391,391,6,429,431,7,528,532,
22459,1,613,611,2,623,616,3,549,542,4,445,440,5,391,391,6,427,429,7,525,529,
22534,1,611,610,2,624,618,3,551,545,4,448,441,5,391,391,6,425,427,7,522,526,
22609,1,610,608,2,625,619,3,554,546,4,450,445,5,392,391,6,423,425,7,520,522,
22684,1,608,606,2,626,620,3,557,549,4,453,447,5,392,391,6,421,423,7,517,521,
22759,1,606,605,2,627,620,3,560,553,4,455,450,5,393,391,6,419,421,7,514,521,
22834,1,605,602,2,627,622,3,562,556,4,458,452,5,393,391,6,417,419,7,511,513,
22909,1,603,601,2,628,623,3,565,559,4,461,455,5,394,391,6,415,417,7,508,513,
22984,1,601,600,2,629,623,3,567,561,4,463,458,5,395,391,6,413,415,7,505,505,
23059,1,599,598,2,629,624,3,570,563,4,466,460,5,396,392,6,412,413,7,502,505,
23134,1,597,596,2,629,624,3,572,566,4,469,464,5,396,394,6,410,412,7,499,503,
23209,1,595,594,2,630,625,3,575,569,4,471,465,5,397,394,6,409,410,7,497,499,
23284,1,593,592,2,630,626,3,577,571,4,474,467,5,398,394,6,407,409,7,494,498,
23359,1,591,589,2,630,626,3,579,573,4,477,471,5,399,394,6,406,408,7,491,495,
23434,1,589,589,2,630,626,3,582,575,4,480,474,5,401,397,6,404,406,7,488,491,
23509,1,586,588,2,630,626,3,584,578,4,482,478,5,402,398,6,403,404,7,485,490,
23584,1,584,584,2,630,626,3,586,581,4,485,478,5,403,400,6,402,403,7,482,487,
23659,1,582,582,2,630,626,3,589,583,4,488,483,5,404,400,6,401,402,7,480,482,
23734,1,580,581,2,630,626,3,591,586,4,491,485,5,406,401,6,399,401,7,477,482,
23809,1,577,577,2,630,626,3,593,588,4,494,488,5,407,404,6,398,400,7,474,477,
23884,1,575,575,2,630,626,3,595,590,4,496,491,5,409,404,6,397,398,7,471,476,
23959,1,572,574,2,629,626,3,597,592,4,499,492,5,410,405,6,396,397,7,469,472,
24034,1,570,571,2,629,627,3,599,594,4,502,497,5,412,407,6,396,396,7,466,469,
24109,1,567,569,2,629,627,3,601,596,4,505,500,5,413,410,6,395,396,7,463,466,
24184,1,565,564,2,628,627,3,603,598,4,508,503,5,415,410,6,394,395,7,461,466,
24259,1,562,563,2,627,627,3,605,600,4,511,506,5,417,413,6,393,394,7,458,460,
24334,1,560,561,2,627,626,3,606,602,4,514,509,5,419,414,6,393,393,7,456,460,
24409,1,557,559,2,626,626,3,608,603,4,517,511,5,421,417,6,392,393,7,453,456,
24484,1,554,555,2,625,626,3,610,605,4,519,515,5,423,419,6,392,392,7,450,453,
24559,1,552,553,2,624,625,3,611,608,4,522,516,5,425,420,6,391,392,7,448,449,
24634,1,549,552,2,623,624,3,613,608,4,525,520,5,427,423,6,391,391,7,446,449,
24709,1,546,548,2,622,623,3,614,610,4,528,523,5,429,425,6,391,391,7,443,447,
24784,1,543,546,2,621,622,3,616,612,4,531,526,5,431,425,6,391,391,7,441,443,
24859,1,541,543,2,620,621,3,617,614,4,534,528,5,433,427,6,391,391,7,438,442,
24934,1,538,541,2,619,620,3,618,614,4,537,532,5,435,431,6,391,391,7,436,440,
25009,1,535,538,2,618,619,3,620,616,4,539,535,5,437,433,6,391,391,7,434,436,
25084,1,532,535,2,616,619,3,621,619,4,542,537,5,440,435,6,391,391,7,432,436,
25159,1,529,531,2,615,616,3,622,618,4,545,540,5,442,438,6,391,391,7,430,433,
25234,1,527,530,2,613,615,3,623,620,4,548,543,5,444,439,6,391,391,7,428,430,
25309,1,524,527,2,612,613,3,624,621,4,550,546,5,447,442,6,391,391,7,425,430,
25384,1,521,524,2,610,613,3,625,622,4,553,549,5,449,445,6,392,391,7,423,426,
25459,1,518,522,2,609,612,3,626,624,4,556,551,5,452,447,6,392,391,7,421,423,
25534,1,515,519,2,607,610,3,626,624,4,558,553,5,454,450,6,393,391,7,420,422,
25609,1,512,516,2,605,608,3,627,625,4,561,557,5,457,451,6,393,391,7,418,421,
25684,1,509,513,2,604,607,3,628,627,4,564,561,5,460,455,6,394,391,7,416,419,
25759,1,506,510,2,602,606,3,628,627,4,566,562,5,462,458,6,394,391,7,414,418,
25834,1,504,509,2,600,604,3,629,627,4,569,565,5,465,460,6,395,392,7,413,415,
25909,1,501,506,2,598,603,3,629,627,4,571,568,5,467,463,6,396,393,7,411,415,
25984,1,498,503,2,596,601,3,630,628,4,574,570,5,470,465,6,397,394,7,409,413,
26059,1,495,500,2,594,598,3,630,629,4,576,573,5,473,468,6,398,396,7,408,408,
26134,1,492,497,2,592,596,3,630,629,4,579,575,5,476,472,6,399,396,7,406,408,
26209,1,489,495,2,590,594,3,630,629,4,581,578,5,478,473,6,400,397,7,405,408,
26284,1,486,491,2,587,593,3,630,629,4,583,580,5,481,476,6,401,398,7,404,406,
26359,1,484,488,2,585,590,3,630,631,4,585,582,5,484,480,6,402,397,7,402,405,
26434,1,481,488,2,583,588,3,630,631,4,588,584,5,487,482,6,404,400,7,401,403,
26509,1,478,484,2,581,587,3,630,631,4,590,587,5,490,485,6,405,403,7,400,403,
26584,1,475,481,2,578,583,3,630,631,4,592,589,5,492,489,6,406,403,7,399,402,
26659,1,473,477,2,576,582,3,630,631,4,594,590,5,495,490,6,408,404,7,398,399,
26734,1,470,477,2,573,578,3,630,631,4,596,593,5,498,493,6,409,405,7,397,399,
26809,1,467,475,2,571,576,3,629,631,4,598,595,5,501,497,6,411,405,7,396,399,
26884,1,464,470,2,568,575,3,629,630,4,600,598,5,504,500,6,413,410,7,395,397,
26959,1,462,468,2,566,572,3,628,631,4,602,599,5,507,503,6,414,411,7,394,397,
27034,1,459,466,2,563,571,3,628,629,4,604,601,5,510,505,6,416,412,7,394,395,
27109,1,457,464,2,561,567,3,627,629,4,606,602,5,513,508,6,418,414,7,393,395,
27184,1,454,460,2,558,565,3,626,629,4,607,605,5,515,511,6,420,417,7,393,395,
27259,1,452,459,2,555,562,3,626,629,4,609,605,5,518,514,6,422,418,7,392,395,
27334,1,449,455,2,553,559,3,625,629,4,611,609,5,521,518,6,424,421,7,392,394,
27409,1,447,455,2,550,557,3,624,629,4,612,610,5,524,518,6,426,422,7,391,394,
27484,1,444,452,2,547,556,3,623,628,4,614,611,5,527,523,6,428,423,7,391,394,
27559,1,442,448,2,545,551,3,622,628,4,615,614,5,530,527,6,430,427,7,391,394,
27634,1,439,446,2,542,551,3,621,627,4,616,616,5,533,528,6,432,428,7,391,394,
27709,1,437,444,2,539,547,3,619,625,4,618,617,5,535,533,6,434,431,7,391,394,
27784,1,435,443,2,536,545,3,618,623,4,619,618,5,538,533,6,436,432,7,391,392,
27859,1,433,440,2,533,540,3,617,621,4,620,620,5,541,537,6,439,435,7,391,392,
27934,1,430,438,2,531,538,3,615,621,4,621,621,5,544,540,6,441,438,7,391,392,
28009,1,428,434,2,528,537,3,614,620,4,622,621,5,547,543,6,443,439,7,391,392,
28084,1,426,433,2,525,532,3,613,618,4,623,624,5,549,547,6,446,441,7,391,392,
28159,1,424,433,2,522,530,3,611,617,4,624,624,5,552,547,6,448,444,7,391,392,
28234,1,422,433,2,519,526,3,609,616,4,625,624,5,555,551,6,451,447,7,392,392,
28309,1,420,433,2,516,524,3,608,611,4,626,625,5,557,553,6,453,450,7,392,392,
28384,1,418,431,2,513,521,3,606,611,4,627,626,5,560,555,6,456,451,7,393,392,
28459,1,417,424,2,510,518,3,604,609,4,627,628,5,563,559,6,458,455,7,394,392,
28534,1,415,421,2,508,514,3,602,607,4,628,628,5,565,562,6,461,457,7,394,392,
28609,1,413,420,2,505,513,3,601,605,4,629,628,5,568,563,6,464,459,7,395,392,
28684,1,412,418,2,502,509,3,599,605,4,629,630,5,570,567,6,466,461,7,396,395,
28759,1,410,415,2,499,507,3,597,602,4,630,630,5,573,569,6,469,464,7,397,395,
28834,1,408,413,2,496,503,3,595,600,4,630,631,5,575,572,6,472,468,7,398,396,
28909,1,407,411,2,493,498,3,593,598,4,630,630,5,578,573,6,474,470,7,399,397,
28984,1,405,411,2,490,497,3,590,596,4,630,630,5,580,577,6,477,472,7,400,398,
29059,1,404,409,2,488,494,3,588,593,4,630,630,5,582,580,6,480,476,7,401,399,
29134,1,403,408,2,485,492,3,586,591,4,630,631,5,585,580,6,483,478,7,402,401,
29209,1,402,406,2,482,489,3,584,588,4,630,630,5,587,582,6,486,480,7,403,401,
29284,1,400,406,2,479,485,3,582,587,4,630,631,5,589,585,6,488,485,7,405,402,
29359,1,399,403,2,476,482,3,579,584,4,630,631,5,591,588,6,491,486,7,406,402,
29434,1,398,401,2,474,481,3,577,581,4,630,631,5,593,589,6,494,489,7,407,405,
29509,1,397,401,2,471,479,3,574,579,4,630,631,5,595,591,6,497,492,7,409,406,
29584,1,396,401,2,468,475,3,572,576,4,629,630,5,597,593,6,500,495,7,410,408,
29659,1,395,401,2,466,471,3,569,574,4,629,630,5,599,596,6,503,498,7,412,409,
29734,1,395,399,2,463,470,3,567,571,4,628,630,5,601,598,6,506,500,7,414,411,
29809,1,394,399,2,460,466,3,564,570,4,628,630,5,603,598,6,508,505,7,415,412,
29884,1,393,399,2,458,465,3,562,567,4,627,629,5,605,602,6,511,506,7,417,413,
29959,1,393,396,2,455,461,3,559,565,4,627,629,5,607,603,6,514,510,7,419,415,
30034,1,392,395,2,453,459,3,557,562,4,626,628,5,608,606,6,517,513,7,421,418,
30109,1,392,395,2,450,457,3,554,560,4,625,628,5,610,606,6,520,516,7,423,420,
30184,1,391,395,2,448,453,3,551,557,4,624,627,5,612,609,6,523,519,7,425,423,
30259,1,391,395,2,445,452,3,548,553,4,623,626,5,613,611,6,526,522,7,427,423,
30334,1,391,394,2,443,449,3,546,552,4,622,625,5,615,611,6,529,525,7,429,425,
30409,1,391,394,2,440,445,3,543,548,4,621,624,5,616,613,6,531,527,7,431,428,
30484,1,391,394,2,438,443,3,540,546,4,620,622,5,617,614,6,534,529,7,433,430,
30559,1,391,394,2,436,441,3,537,542,4,619,622,5,619,614,6,537,533,7,436,433,
30634,1,391,394,2,434,439,3,535,540,4,617,621,5,620,618,6,540,536,7,438,433,
30709,1,391,394,2,431,438,3,532,537,4,616,619,5,621,619,6,543,541,7,440,437,
30784,1,391,394,2,429,435,3,529,535,4,615,618,5,622,619,6,545,543,7,442,440,
30859,1,391,394,2,427,432,3,526,532,4,613,618,5,623,620,6,548,543,7,445,441,
30934,1,391,394,2,425,431,3,523,529,4,612,616,5,624,621,6,551,547,7,447,442,
31009,1,392,394,2,423,429,3,520,526,4,610,613,5,625,622,6,554,552,7,450,447,
31084,1,392,394,2,421,426,3,517,523,4,608,612,5,626,622,6,556,552,7,452,449,
31159,1,393,394,2,419,425,3,515,520,4,607,609,5,627,625,6,559,555,7,455,452,
31234,1,393,394,2,417,423,3,512,518,4,605,609,5,627,626,6,562,560,7,457,452,
31309,1,394,394,2,416,422,3,509,515,4,603,607,5,628,627,6,564,560,7,460,456,
31384,1,395,395,2,414,421,3,506,512,4,601,606,5,628,627,6,567,563,7,463,460,
31459,1,395,396,2,412,417,3,503,509,4,599,605,5,629,627,6,569,567,7,465,461,
31534,1,396,396,2,411,416,3,500,506,4,598,601,5,629,627,6,572,567,7,468,466,
31609,1,397,397,2,409,414,3,497,502,4,596,600,5,630,627,6,574,571,7,471,466,
31684,1,398,399,2,408,412,3,494,501,4,593,599,5,630,629,6,577,574,7,473,472,
31759,1,399,400,2,406,411,3,492,497,4,591,595,5,630,629,6,579,575,7,476,472,
31834,1,400,400,2,405,410,3,489,494,4,589,593,5,630,629,6,581,578,7,479,473,
31909,1,401,401,2,403,409,3,486,491,4,587,590,5,630,629,6,584,580,7,482,479,
31984,1,403,402,2,402,408,3,483,489,4,585,589,5,630,629,6,586,583,7,484,481,
32059,1,404,403,2,401,406,3,480,485,4,582,587,5,630,629,6,588,585,7,487,482,
32134,1,405,405,2,400,404,3,478,483,4,580,583,5,630,629,6,590,586,7,490,487,
32209,1,407,406,2,399,404,3,475,481,4,578,582,5,630,629,6,592,590,7,493,488,
32284,1,408,406,2,398,403,3,472,479,4,575,581,5,630,629,6,594,590,7,496,492,
32359,1,410,409,2,397,402,3,469,474,4,573,576,5,630,629,6,596,592,7,499,494,
32434,1,411,411,2,396,402,3,467,471,4,570,574,5,629,629,6,598,596,7,502,498,
32509,1,413,412,2,395,401,3,464,470,4,568,571,5,629,629,6,600,596,7,504,502,
32584,1,415,413,2,394,400,3,461,466,4,565,570,5,628,631,6,602,599,7,507,504,
32659,1,416,416,2,394,399,3,459,463,4,563,568,5,628,629,6,604,600,7,510,504,
32734,1,418,418,2,393,399,3,456,462,4,560,564,5,627,629,6,606,603,7,513,511,
32809,1,420,419,2,392,396,3,454,458,4,558,562,5,626,628,6,608,605,7,516,512,
32884,1,422,421,2,392,396,3,451,456,4,555,559,5,625,626,6,609,606,7,519,513,
32959,1,424,422,2,392,395,3,449,455,4,552,556,5,624,626,6,611,609,7,522,521,
33034,1,426,424,2,391,395,3,446,453,4,550,553,5,624,625,6,612,609,7,525,521,
33109,1,428,426,2,391,394,3,444,448,4,547,551,5,623,624,6,614,611,7,527,522,
33184,1,430,429,2,391,394,3,441,446,4,544,547,5,622,624,6,615,613,7,530,528,
33259,1,432,431,2,391,393,3,439,444,4,541,546,5,620,624,6,617,613,7,533,529,
33334,1,435,432,2,391,393,3,437,441,4,539,543,5,619,621,6,618,616,7,536,532,
33409,1,437,436,2,391,394,3,434,439,4,536,540,5,618,620,6,619,616,7,539,536,
33484,1,439,436,2,391,394,3,432,437,4,533,537,5,617,619,6,620,617,7,541,538,
33559,1,442,440,2,391,393,3,430,434,4,530,533,5,615,617,6,622,618,7,544,542,
33634,1,444,441,2,391,393,3,428,432,4,527,531,5,614,616,6,623,621,7,547,542,
33709,1,446,444,2,391,393,3,426,431,4,524,527,5,612,616,6,624,621,7,550,546,
33784,1,449,445,2,392,393,3,424,429,4,521,525,5,611,613,6,625,623,7,552,548,
33859,1,451,449,2,392,393,3,422,426,4,519,522,5,609,611,6,625,623,7,555,550,
33934,1,454,452,2,392,393,3,420,424,4,516,520,5,607,610,6,626,623,7,558,555,
34009,1,456,453,2,393,393,3,418,422,4,513,518,5,606,608,6,627,625,7,560,556,
34084,1,459,456,2,394,394,3,416,419,4,510,513,5,604,607,6,628,625,7,563,558,
34159,1,462,459,2,394,394,3,415,417,4,507,511,5,602,604,6,628,625,7,566,564,
34234,1,464,462,2,395,394,3,413,417,4,504,507,5,600,603,6,629,625,7,568,565,
34309,1,467,464,2,396,395,3,411,414,4,501,504,5,598,602,6,629,627,7,571,568,
34384,1,470,465,2,397,396,3,410,413,4,498,502,5,596,598,6,630,628,7,573,572,
34459,1,472,469,2,398,396,3,408,412,4,496,498,5,594,596,6,630,628,7,576,572,
34534,1,475,473,2,399,396,3,407,409,4,493,496,5,592,595,6,630,628,7,578,575,
34609,1,478,473,2,400,396,3,405,409,4,490,495,5,590,593,6,630,628,7,580,577,
34684,1,481,476,2,401,397,3,404,408,4,487,491,5,588,590,6,630,628,7,583,580,
34759,1,483,481,2,402,399,3,403,405,4,484,487,5,586,588,6,630,628,7,585,582,
34834,1,486,481,2,403,401,3,401,404,4,481,483,5,583,586,6,630,628,7,587,582,
34909,1,489,484,2,405,401,3,400,403,4,479,481,5,581,585,6,630,628,7,589,587,
34984,1,492,488,2,406,403,3,399,400,4,476,479,5,579,581,6,630,628,7,592,588,
35059,1,495,490,2,408,404,3,398,400,4,473,475,5,576,579,6,630,628,7,594,593,
35134,1,498,493,2,409,406,3,397,399,4,470,473,5,574,576,6,630,628,7,596,595,
35209,1,500,497,2,411,408,3,396,399,4,468,470,5,572,574,6,629,628,7,598,595,
35284,1,503,499,2,412,409,3,395,398,4,465,469,5,569,572,6,629,628,7,600,595,
35359,1,506,501,2,414,410,3,395,396,4,462,465,5,566,569,6,628,628,7,602,599,
35434,1,509,506,2,416,412,3,394,395,4,460,462,5,564,566,6,628,628,7,603,601,
35509,1,512,507,2,418,414,3,393,395,4,457,460,5,561,564,6,627,628,7,605,602,
35584,1,515,510,2,419,416,3,393,394,4,455,457,5,559,561,6,626,628,7,607,603,
35659,1,518,513,2,421,417,3,392,394,4,452,455,5,556,559,6,626,625,7,609,606,
35734,1,521,515,2,423,419,3,392,393,4,450,452,5,553,556,6,625,627,7,610,610,
35809,1,523,519,2,425,421,3,391,393,4,447,450,5,551,553,6,624,625,7,612,610,
35884,1,526,521,2,427,423,3,391,392,4,445,447,5,548,551,6,623,624,7,613,610,
35959,1,529,523,2,429,425,3,391,392,4,442,445,5,545,548,6,622,622,7,615,614,
36034,1,532,527,2,432,427,3,391,391,4,440,442,5,542,544,6,621,622,7,616,614,
36109,1,535,528,2,434,429,3,391,392,4,438,440,5,540,542,6,620,621,7,618,612,
36184,1,538,532,2,436,432,3,391,391,4,435,437,5,537,540,6,618,619,7,619,618,
36259,1,540,536,2,438,433,3,391,391,4,433,435,5,534,537,6,617,618,7,620,619,
36334,1,543,538,2,441,436,3,391,391,4,431,433,5,531,534,6,616,617,7,621,619,
36409,1,546,538,2,443,439,3,391,391,4,429,432,5,528,530,6,614,616,7,622,619,
36484,1,549,544,2,445,440,3,391,391,4,427,429,5,526,528,6,613,614,7,623,623,
36559,1,551,547,2,448,443,3,391,391,4,425,426,5,523,526,6,611,613,7,624,623,
36634,1,554,548,2,450,445,3,392,391,4,423,425,5,520,522,6,610,608,7,625,623,
36709,1,557,552,2,453,447,3,392,391,4,421,422,5,517,520,6,608,608,7,626,623,
36784,1,559,553,2,455,450,3,393,391,4,419,421,5,514,517,6,606,608,7,627,624,
36859,1,562,556,2,458,453,3,393,391,4,417,420,5,511,514,6,605,605,7,627,625,
36934,1,565,559,2,460,456,3,394,391,4,415,416,5,508,511,6,603,605,7,628,626,
37009,1,567,562,2,463,458,3,395,391,4,414,415,5,505,507,6,601,601,7,629,626,
37084,1,570,564,2,466,459,3,396,393,4,412,414,5,503,505,6,599,601,7,629,628,
37159,1,572,565,2,468,463,3,396,394,4,410,412,5,500,503,6,597,596,7,629,628,
37234,1,575,569,2,471,465,3,397,394,4,409,410,5,497,500,6,595,596,7,630,629,
37309,1,577,572,2,474,468,3,398,395,4,407,408,5,494,496,6,593,594,7,630,628,
37384,1,579,573,2,477,471,3,399,395,4,406,406,5,491,494,6,591,592,7,630,628,
37459,1,582,575,2,479,473,3,400,395,4,404,406,5,488,490,6,589,591,7,630,628,
37534,1,584,578,2,482,475,3,402,399,4,403,404,5,485,487,6,587,588,7,630,628,
37609,1,586,581,2,485,478,3,403,400,4,402,402,5,483,483,6,584,586,7,630,628,
37684,1,588,581,2,488,482,3,404,400,4,401,402,5,480,483,6,582,583,7,630,628,
37759,1,591,584,2,491,485,3,406,401,4,400,401,5,477,479,6,580,580,7,630,628,
37834,1,593,588,2,493,486,3,407,403,4,398,398,5,474,477,6,577,578,7,630,628,
37909,1,595,589,2,496,488,3,409,403,4,397,400,5,472,474,6,575,576,7,630,628,
37984,1,597,589,2,499,492,3,410,404,4,397,396,5,469,471,6,573,574,7,629,628,
38059,1,599,594,2,502,495,3,412,404,4,396,396,5,466,468,6,570,572,7,629,628,
38134,1,601,595,2,505,498,3,413,406,4,395,394,5,463,464,6,568,569,7,629,628,
38209,1,603,597,2,508,499,3,415,409,4,394,394,5,461,462,6,565,567,7,628,628,
38284,1,604,599,2,511,503,3,417,411,4,393,393,5,458,460,6,562,564,7,627,628,
38359,1,606,599,2,514,507,3,419,413,4,393,392,5,456,457,6,560,562,7,627,628,
38434,1,608,599,2,516,509,3,421,415,4,392,389,5,453,455,6,557,558,7,626,628,
38509,1,610,602,2,519,511,3,422,417,4,392,389,5,451,451,6,554,556,7,625,627,
38584,1,611,606,2,522,514,3,424,418,4,391,388,5,448,451,6,552,553,7,624,626,
38659,1,613,607,2,525,517,3,426,419,4,391,388,5,446,447,6,549,551,7,623,625,
38734,1,614,608,2,528,518,3,429,422,4,391,387,5,443,445,6,546,548,7,622,625,
38809,1,616,610,2,531,524,3,431,424,4,391,387,5,441,441,6,544,545,7,621,624,
38884,1,617,612,2,534,527,3,433,426,4,391,387,5,439,441,6,541,544,7,620,624,
38959,1,618,613,2,536,530,3,435,427,4,391,387,5,436,438,6,538,539,7,619,620,
39034,1,619,613,2,539,531,3,437,430,4,391,387,5,434,435,6,535,538,7,618,620,
39109,1,621,613,2,542,533,3,440,432,4,391,387,5,432,434,6,532,534,7,616,619,
39184,1,622,617,2,545,537,3,442,435,4,391,387,5,430,430,6,530,531,7,615,616,
39259,1,623,618,2,548,541,3,444,438,4,391,388,5,428,430,6,527,529,7,614,617,
39334,1,624,618,2,550,545,3,447,441,4,391,387,5,426,427,6,524,527,7,612,615,
39409,1,625,618,2,553,546,3,449,444,4,392,388,5,424,426,6,521,523,7,610,613,
39484,1,626,621,2,556,548,3,452,445,4,392,387,5,422,423,6,518,519,7,609,608,
39559,1,626,622,2,558,550,3,454,447,4,393,388,5,420,420,6,515,518,7,607,608,
39634,1,627,622,2,561,553,3,457,448,4,393,388,5,418,420,6,512,514,7,605,608,
39709,1,628,622,2,564,557,3,459,453,4,394,389,5,416,417,6,509,511,7,604,606,
39784,1,628,622,2,566,560,3,462,455,4,394,388,5,414,415,6,507,508,7,602,605,
39859,1,629,622,2,569,561,3,465,457,4,395,389,5,413,414,6,504,506,7,600,603,
39934,1,629,622,2,571,564,3,467,461,4,396,392,5,411,413,6,501,503,7,598,601,
40009,1,630,622,2,574,566,3,470,463,4,397,392,5,409,410,6,498,500,7,596,599,
40084,1,630,622,2,576,569,3,473,466,4,398,393,5,408,408,6,495,497,7,594,598,
40159,1,630,622,2,578,571,3,475,469,4,399,394,5,406,408,6,492,495,7,592,595,
40234,1,630,622,2,581,573,3,478,470,4,400,395,5,405,407,6,489,490,7,590,591,
40309,1,630,622,2,583,576,3,481,473,4,401,396,5,404,405,6,487,488,7,588,591,
40384,1,630,622,2,585,578,3,484,476,4,402,396,5,402,404,6,484,487,7,585,590,
40459,1,630,622,2,588,579,3,487,479,4,404,397,5,401,400,6,481,481,7,583,585,
40534,1,630,622,2,590,582,3,489,482,4,405,400,5,400,400,6,478,481,7,581,584,
40609,1,630,622,2,592,586,3,492,484,4,406,401,5,399,400,6,475,478,7,578,584,
40684,1,630,622,2,594,587,3,495,488,4,408,402,5,398,398,6,473,476,7,576,577,
40759,1,630,622,2,596,590,3,498,491,4,409,403,5,397,398,6,470,473,7,574,577,
40834,1,629,622,2,598,592,3,501,494,4,411,405,5,396,397,6,467,470,7,571,576,
40909,1,629,622,2,600,594,3,504,496,4,413,408,5,395,396,6,465,467,7,569,572,
40984,1,628,622,2,602,595,3,507,500,4,414,410,5,394,396,6,462,465,7,566,572,
41059,1,628,621,2,604,597,3,510,503,4,416,411,5,394,394,6,459,462,7,563,566,
41134,1,627,622,2,605,599,3,512,507,4,418,414,5,393,394,6,457,459,7,561,564,
41209,1,626,622,2,607,601,3,515,509,4,420,415,5,393,393,6,454,457,7,558,560,
41284,1,626,622,2,609,603,3,518,512,4,422,417,5,392,393,6,452,454,7,556,559,
41359,1,625,622,2,611,605,3,521,515,4,424,418,5,392,392,6,449,452,7,553,559,
41434,1,624,622,2,612,607,3,524,518,4,426,421,5,391,392,6,447,449,7,550,551,
41509,1,623,622,2,614,608,3,527,521,4,428,423,5,391,390,6,444,447,7,547,551,
41584,1,622,621,2,615,610,3,530,523,4,430,425,5,391,390,6,442,444,7,545,548,
41659,1,621,620,2,616,611,3,532,527,4,432,428,5,391,390,6,440,442,7,542,545,
41734,1,619,618,2,618,612,3,535,529,4,434,429,5,391,390,6,437,440,7,539,543,
41809,1,618,618,2,619,612,3,538,532,4,436,430,5,391,391,6,435,437,7,536,539,
41884,1,617,618,2,620,614,3,541,535,4,439,433,5,391,390,6,433,435,7,534,537,
41959,1,616,614,2,621,615,3,544,537,4,441,436,5,391,390,6,431,433,7,531,535,
42034,1,614,613,2,622,616,3,546,541,4,443,439,5,391,390,6,428,431,7,528,532,
42109,1,613,612,2,623,618,3,549,542,4,446,440,5,391,390,6,426,427,7,525,529,
42184,1,611,610,2,624,618,3,552,545,4,448,442,5,391,390,6,424,426,7,522,526,