timestamp,id01,m01_gp,m01_pp,id02,m02_gp,m02_pp,id03,m03_gp,m03_pp,id04,m04_gp,m04_pp,id05,m05_gp,m05_pp,id06,m06_gp,m06_pp,id07,m07_gp,m07_pp,
2903,1,630,513,2,630,514,3,630,462,4,630,551,5,630,496,6,630,493,7,630,626,
2955,1,602,513,2,614,514,3,614,462,4,614,551,5,614,496,6,614,493,7,614,626,
3009,1,615,513,2,627,514,3,566,462,4,566,551,5,566,496,6,566,493,7,566,626,
3066,1,606,513,2,625,514,3,567,462,4,500,551,5,500,496,6,500,493,7,500,626,
3127,1,605,513,2,628,514,3,563,462,4,478,551,5,437,496,6,437,493,7,437,626,
3189,1,601,513,2,628,514,3,568,462,4,469,551,5,411,496,6,398,493,7,398,626,
3253,1,597,513,2,629,514,3,572,462,4,471,551,5,402,496,6,391,493,7,394,626,
3319,1,593,513,2,630,514,3,577,463,4,474,551,5,401,496,6,395,493,7,418,626,
3386,1,590,514,2,630,514,3,581,462,4,479,551,5,401,496,6,399,493,7,445,626,
3454,1,586,514,2,630,514,3,585,462,4,484,551,5,403,496,6,400,493,7,461,626,
3522,1,581,514,2,630,514,3,589,462,4,489,551,5,405,496,6,399,493,7,468,626,
3590,1,577,514,2,630,514,3,593,462,4,494,551,5,407,496,6,398,493,7,469,627,
3659,1,572,514,2,629,514,3,597,462,4,499,551,5,410,496,6,396,493,7,467,626,
3728,1,568,514,2,629,514,3,601,462,4,505,551,5,413,496,6,395,493,7,463,626,
3797,1,563,514,2,628,514,3,604,462,4,510,551,5,416,496,6,394,493,7,459,626,
3866,1,558,514,2,626,514,3,607,462,4,515,551,5,420,496,6,393,493,7,454,626,
3935,1,553,514,2,625,514,3,610,462,4,521,551,5,423,496,6,392,493,7,449,626,
4004,1,548,514,2,623,514,3,613,462,4,526,551,5,427,496,6,391,493,7,445,626,
4073,1,543,514,2,621,514,3,616,462,4,531,551,5,431,496,6,391,493,7,441,626,
4142,1,538,514,2,619,514,3,618,462,4,536,551,5,435,496,6,391,493,7,436,626,
4211,1,533,514,2,617,514,3,620,462,4,542,551,5,439,496,6,391,493,7,432,626,
4280,1,528,514,2,614,514,3,623,462,4,547,551,5,444,496,6,391,493,7,428,626,
4349,1,522,514,2,611,514,3,624,462,4,552,551,5,448,496,6,391,493,7,424,626,
4417,1,517,514,2,608,514,3,626,462,4,557,551,5,453,496,6,392,493,7,421,626,
4485,1,512,514,2,605,514,3,627,462,4,562,551,5,457,496,6,393,493,7,417,626,
4553,1,506,514,2,602,514,3,628,462,4,566,551,5,462,496,6,395,493,7,414,626,
4621,1,501,514,2,598,514,3,629,462,4,571,551,5,467,496,6,396,493,7,411,626,
4689,1,496,514,2,594,514,3,630,462,4,576,551,5,472,496,6,398,493,7,408,626,
4757,1,490,514,2,590,514,3,630,462,4,580,552,5,477,496,6,400,493,7,405,626,
4825,1,485,514,2,586,514,3,630,462,4,584,551,5,482,496,6,402,493,7,403,626,
4893,1,480,513,2,582,514,3,630,462,4,588,551,5,488,496,6,404,493,7,401,626,
4961,1,475,513,2,578,513,3,630,462,4,592,551,5,493,496,6,407,493,7,399,626,
5029,1,470,513,2,573,513,3,630,462,4,596,551,5,498,496,6,409,493,7,397,626,
5104,1,465,499,2,569,549,3,629,493,4,600,581,5,503,491,6,412,440,7,395,577,
5179,1,460,477,2,564,577,3,628,579,4,603,608,5,509,505,6,416,396,7,394,480,
5254,1,455,455,2,559,560,3,627,643,4,607,599,5,514,504,6,419,416,7,393,389,
5329,1,451,454,2,554,560,3,625,630,4,610,609,5,519,517,6,423,421,7,392,384,
5404,1,446,452,2,549,554,3,623,623,4,613,608,5,525,517,6,426,421,7,391,397,
5479,1,442,445,2,544,548,3,622,621,4,615,610,5,530,522,6,430,423,7,391,392,
5554,1,437,441,2,539,543,3,619,621,4,618,614,5,535,530,6,434,431,7,391,392,
5629,1,433,437,2,534,539,3,617,620,4,620,618,5,540,534,6,438,432,7,391,392,
5704,1,429,432,2,529,534,3,615,618,4,622,619,5,546,539,6,443,437,7,391,392,
5779,1,425,430,2,523,529,3,612,617,4,624,619,5,551,544,6,447,441,7,391,392,
5854,1,422,425,2,518,523,3,609,613,4,626,626,5,556,550,6,452,446,7,392,392,
5929,1,418,422,2,513,520,3,606,610,4,627,626,5,560,554,6,456,451,7,393,392,
6004,1,415,420,2,507,514,3,602,607,4,628,626,5,565,559,6,461,455,7,394,392,
6079,1,412,415,2,502,508,3,599,603,4,629,626,5,570,563,6,466,459,7,396,392,
6154,1,409,412,2,497,503,3,595,600,4,630,627,5,575,567,6,471,464,7,397,396,
6229,1,406,410,2,492,498,3,591,596,4,630,628,5,579,574,6,476,470,7,399,396,
6304,1,404,408,2,486,493,3,587,592,4,630,629,5,583,579,6,481,475,7,401,397,
6379,1,401,404,2,481,487,3,583,588,4,630,629,5,587,581,6,486,480,7,404,402,
6454,1,399,401,2,476,482,3,579,584,4,630,629,5,591,586,6,492,485,7,406,402,
6529,1,397,399,2,471,478,3,574,579,4,630,629,5,595,589,6,497,491,7,409,403,
6604,1,396,397,2,466,472,3,570,575,4,629,629,5,599,593,6,502,496,7,412,409,
6679,1,394,397,2,461,465,3,565,570,4,628,628,5,603,598,6,508,499,7,415,411,
6754,1,393,394,2,456,461,3,560,565,4,627,628,5,606,601,6,513,507,7,418,413,
6829,1,392,393,2,452,456,3,555,560,4,626,627,5,609,604,6,518,512,7,422,419,
6904,1,391,394,2,447,452,3,550,554,4,624,625,5,612,607,6,524,517,7,425,423,
6979,1,391,391,2,442,449,3,545,553,4,622,624,5,615,610,6,529,523,7,429,423,
7054,1,391,391,2,438,442,3,540,545,4,620,622,5,617,614,6,534,528,7,433,428,
7129,1,391,391,2,434,439,3,535,540,4,618,620,5,620,616,6,539,534,7,437,433,
7204,1,391,391,2,430,436,3,530,536,4,615,618,5,622,618,6,544,538,7,442,436,
7279,1,391,390,2,426,431,3,525,530,4,612,616,5,624,620,6,550,544,7,446,441,
7354,1,392,391,2,422,428,3,519,526,4,610,612,5,625,621,6,555,549,7,451,443,
7429,1,393,391,2,419,424,3,514,521,4,606,612,5,627,626,6,559,558,7,455,453,
7504,1,394,391,2,416,423,3,509,517,4,603,607,5,628,626,6,564,557,7,460,453,
7579,1,395,392,2,412,419,3,503,511,4,600,605,5,629,626,6,569,564,7,465,460,
7654,1,397,394,2,409,414,3,498,504,4,596,601,5,630,628,6,574,569,7,470,466,
7729,1,399,396,2,407,411,3,493,501,4,592,597,5,630,628,6,578,575,7,475,469,
7804,1,401,397,2,404,410,3,487,496,4,588,593,5,630,629,6,582,577,7,480,473,
7879,1,403,401,2,402,408,3,482,489,4,584,590,5,630,629,6,587,580,7,485,480,
7954,1,406,402,2,400,404,3,477,484,4,580,585,5,630,629,6,591,587,7,491,484,
8029,1,408,406,2,398,402,3,472,479,4,575,581,5,630,629,6,594,591,7,496,490,
8104,1,411,409,2,396,401,3,467,474,4,571,576,5,629,629,6,598,593,7,501,497,
8179,1,414,409,2,394,400,3,462,470,4,566,572,5,628,629,6,602,597,7,506,499,
8254,1,418,414,2,393,396,3,457,464,4,561,568,5,627,629,6,605,601,7,512,503,
8329,1,421,419,2,392,396,3,453,460,4,557,562,5,626,628,6,608,605,7,517,513,
8404,1,425,421,2,391,395,3,448,456,4,552,558,5,624,627,6,611,606,7,522,517,
8479,1,428,425,2,391,394,3,443,450,4,546,553,5,622,625,6,614,610,7,528,521,
8554,1,432,430,2,391,393,3,439,445,4,541,547,5,620,624,6,617,613,7,533,527,
8629,1,436,431,2,391,393,3,435,442,4,536,543,5,618,621,6,619,616,7,538,532,
8704,1,441,436,2,391,393,3,431,437,4,531,537,5,616,619,6,621,617,7,543,538,
8779,1,445,441,2,391,393,3,427,433,4,526,531,5,613,616,6,623,619,7,548,542,
8854,1,450,445,2,392,394,3,423,430,4,520,527,5,610,614,6,625,623,7,553,549,
8929,1,454,451,2,393,393,3,420,426,4,515,521,5,607,611,6,626,623,7,558,552,
9004,1,459,454,2,394,394,3,416,422,4,510,516,5,604,607,6,628,624,7,563,558,
9079,1,464,459,2,395,394,3,413,418,4,504,510,5,600,605,6,629,625,7,568,563,
9154,1,469,464,2,397,395,3,410,415,4,499,506,5,597,602,6,629,627,7,573,568,
9229,1,474,468,2,398,396,3,407,412,4,494,499,5,593,598,6,630,628,7,577,572,
9304,1,479,473,2,400,396,3,405,409,4,489,494,5,589,593,6,630,628,7,581,576,
9379,1,484,477,2,403,397,3,402,408,4,483,489,5,585,589,6,630,628,7,586,582,
9454,1,489,484,2,405,402,3,400,403,4,478,483,5,581,583,6,630,627,7,590,585,
9529,1,495,488,2,408,404,3,398,401,4,473,478,5,576,582,6,630,628,7,594,589,
9604,1,500,496,2,411,406,3,396,400,4,468,473,5,572,576,6,629,629,7,597,595,
9679,1,505,500,2,414,411,3,395,399,4,463,470,5,567,573,6,629,629,7,601,595,
9754,1,511,506,2,417,414,3,393,398,4,458,464,5,562,567,6,627,629,7,604,599,
9829,1,516,511,2,420,416,3,392,395,4,454,458,5,558,563,6,626,628,7,608,603,
9904,1,521,515,2,424,419,3,392,394,4,449,454,5,553,557,6,625,627,7,611,608,
9979,1,527,521,2,428,426,3,391,393,4,444,449,5,548,553,6,623,625,7,614,610,
10054,1,532,527,2,432,427,3,391,393,4,440,445,5,542,549,6,621,623,7,616,613,
10129,1,537,530,2,436,431,3,391,393,4,436,440,5,537,541,6,619,620,7,619,614,
10204,1,542,535,2,440,435,3,391,393,4,432,436,5,532,537,6,616,618,7,621,619,
10279,1,547,540,2,444,439,3,391,393,4,428,432,5,527,531,6,614,616,7,623,620,
10354,1,552,546,2,449,444,3,392,392,4,424,429,5,522,527,6,611,613,7,625,621,
10429,1,557,551,2,453,449,3,392,393,4,420,424,5,516,521,6,608,610,7,626,624,
10504,1,562,557,2,458,452,3,393,393,4,417,421,5,511,516,6,605,608,7,627,624,
10579,1,567,560,2,463,457,3,395,393,4,414,417,5,506,510,6,601,604,7,628,625,
10654,1,572,565,2,468,460,3,396,393,4,411,414,5,500,505,6,598,599,7,629,628,
10729,1,576,570,2,473,467,3,398,393,4,408,409,5,495,498,6,594,597,7,630,628,
10804,1,581,574,2,478,471,3,400,394,4,405,406,5,490,493,6,590,591,7,630,628,
10879,1,585,580,2,483,474,3,402,395,4,403,404,5,484,489,6,586,590,7,630,628,
10954,1,589,583,2,488,479,3,404,399,4,400,402,5,479,483,6,582,585,7,630,628,
11029,1,593,588,2,494,485,3,407,401,4,398,398,5,474,477,6,577,580,7,630,628,
11104,1,597,590,2,499,491,3,410,403,4,397,397,5,469,473,6,573,576,7,630,628,
11179,1,600,595,2,504,496,3,413,405,4,395,396,5,464,468,6,568,572,7,629,628,
11254,1,604,598,2,510,501,3,416,410,4,394,394,5,459,463,6,563,567,7,628,628,
11329,1,607,601,2,515,507,3,419,412,4,393,393,5,455,458,6,559,561,7,626,628,
11404,1,610,605,2,520,512,3,423,415,4,392,392,5,450,454,6,554,558,7,625,627,
11479,1,613,607,2,525,516,3,427,419,4,391,389,5,445,449,6,549,553,7,623,626,
11554,1,616,611,2,531,521,3,431,423,4,391,387,5,441,444,6,544,547,7,621,624,
11629,1,618,613,2,536,527,3,435,425,4,391,388,5,437,439,6,538,543,7,619,623,
11704,1,620,613,2,541,531,3,439,430,4,391,387,5,433,435,6,533,536,7,617,619,
11779,1,622,617,2,546,536,3,443,434,4,391,387,5,429,432,6,528,532,7,614,618,
11854,1,624,618,2,551,542,3,448,438,4,391,387,5,425,427,6,523,527,7,611,614,
11929,1,626,621,2,556,547,3,452,444,4,392,387,5,421,423,6,517,522,7,608,613,
12004,1,627,622,2,561,551,3,457,447,4,393,387,5,418,420,6,512,514,7,605,608,
12079,1,628,624,2,566,557,3,462,453,4,394,388,5,414,417,6,507,511,7,602,606,
12154,1,629,624,2,571,562,3,467,458,4,396,389,5,411,413,6,501,504,7,598,603,
12229,1,630,624,2,575,567,3,472,463,4,398,394,5,408,410,6,496,499,7,595,599,
12304,1,630,628,2,580,571,3,477,469,4,399,394,5,406,407,6,491,495,7,591,594,
12379,1,630,628,2,584,577,3,482,472,4,402,396,5,403,407,6,486,489,7,587,589,
12454,1,630,628,2,588,581,3,487,479,4,404,400,5,401,403,6,480,486,7,583,588,
12529,1,630,628,2,592,585,3,492,484,4,406,402,5,399,400,6,475,478,7,578,584,
12604,1,630,628,2,596,589,3,498,489,4,409,404,5,397,399,6,470,474,7,574,577,
12679,1,629,628,2,599,593,3,503,496,4,412,406,5,395,397,6,465,469,7,569,575,
12754,1,628,628,2,603,597,3,508,502,4,415,411,5,394,396,6,460,465,7,564,568,
12829,1,627,628,2,606,601,3,514,506,4,419,413,5,393,394,6,456,459,7,560,565,
12904,1,625,628,2,609,603,3,519,512,4,422,417,5,392,393,6,451,454,7,555,559,
12979,1,624,624,2,612,607,3,524,517,4,426,418,5,391,392,6,446,451,7,550,558,
13054,1,622,623,2,615,608,3,530,521,4,430,423,5,391,390,6,442,444,7,545,550,
13129,1,620,621,2,618,611,3,535,527,4,434,428,5,391,389,6,438,442,7,540,545,
13204,1,617,619,2,620,615,3,540,532,4,438,430,5,391,389,6,433,438,7,534,539,
13279,1,615,616,2,622,616,3,545,537,4,442,435,5,391,389,6,429,431,7,529,534,
13354,1,612,614,2,624,619,3,550,542,4,447,440,5,391,389,6,426,428,7,524,529,
13429,1,609,611,2,625,621,3,555,547,4,451,445,5,392,389,6,422,426,7,519,525,
13504,1,606,608,2,627,622,3,560,553,4,456,449,5,393,389,6,418,422,7,513,520,
13579,1,603,605,2,628,624,3,565,557,4,461,453,5,394,390,6,415,417,7,508,513,
13654,1,599,602,2,629,625,3,570,562,4,466,459,5,396,391,6,412,415,7,503,505,
13729,1,595,598,2,630,626,3,574,568,4,471,465,5,397,394,6,409,412,7,497,503,
13804,1,592,594,2,630,627,3,579,571,4,476,469,5,399,394,6,406,409,7,492,498,
13879,1,588,589,2,630,627,3,583,576,4,481,473,5,401,396,6,404,405,7,487,491,
13954,1,583,587,2,630,628,3,587,580,4,486,478,5,403,399,6,401,404,7,482,488,
14029,1,579,582,2,630,627,3,591,584,4,491,483,5,406,400,6,399,400,7,476,482,
14104,1,575,577,2,630,627,3,595,588,4,497,489,5,409,405,6,397,400,7,471,477,
14179,1,570,574,2,629,627,3,599,592,4,502,495,5,412,405,6,396,397,7,466,472,
14254,1,565,568,2,628,627,3,602,596,4,507,500,5,415,411,6,394,396,7,461,466,
14329,1,561,564,2,627,627,3,606,599,4,513,504,5,418,413,6,393,394,7,457,460,
14404,1,556,559,2,626,627,3,609,602,4,518,511,5,421,416,6,392,393,7,452,460,
14479,1,551,552,2,624,625,3,612,607,4,523,516,5,425,419,6,391,393,7,447,453,
14554,1,546,550,2,622,623,3,614,610,4,528,521,5,429,423,6,391,391,7,443,447,
14629,1,541,545,2,620,621,3,617,611,4,534,526,5,433,426,6,391,391,7,438,443,
14704,1,535,540,2,618,619,3,619,614,4,539,532,5,437,431,6,391,391,7,434,441,
14779,1,530,534,2,615,618,3,622,616,4,544,537,5,441,435,6,391,391,7,430,436,
14854,1,525,528,2,613,614,3,623,619,4,549,541,5,446,439,6,391,391,7,426,430,
14929,1,520,523,2,610,612,3,625,620,4,554,547,5,450,445,6,392,391,7,423,428,
15004,1,514,519,2,607,609,3,627,622,4,559,553,5,455,449,6,393,391,7,419,425,
15079,1,509,513,2,603,607,3,628,625,4,564,558,5,460,454,6,394,391,7,416,419,
15154,1,504,508,2,600,602,3,629,625,4,569,562,5,465,458,6,395,392,7,413,418,
15229,1,498,503,2,596,598,3,630,625,4,573,567,5,470,463,6,397,393,7,410,415,
15304,1,493,497,2,592,595,3,630,627,4,578,571,5,475,468,6,399,396,7,407,412,
15379,1,488,492,2,589,592,3,630,628,4,582,576,5,480,474,6,401,397,7,404,407,
15454,1,483,487,2,584,589,3,630,628,4,586,580,5,485,477,6,403,400,7,402,405,
15529,1,477,482,2,580,585,3,630,628,4,590,584,5,490,483,6,405,402,7,400,405,
15604,1,472,476,2,576,579,3,630,628,4,594,588,5,495,489,6,408,403,7,398,401,
15679,1,467,473,2,571,575,3,629,628,4,598,592,5,501,493,6,411,405,7,396,398,
15754,1,462,466,2,567,570,3,628,628,4,601,597,5,506,500,6,414,410,7,395,398,
15829,1,458,463,2,562,567,3,627,628,4,605,599,5,511,505,6,417,413,7,393,397,
15904,1,453,458,2,557,561,3,626,628,4,608,604,5,517,510,6,421,416,7,392,395,
15979,1,448,453,2,552,559,3,624,627,4,611,606,5,522,516,6,424,421,7,391,396,
16054,1,444,447,2,547,553,3,623,624,4,614,611,5,527,520,6,428,422,7,391,392,
16129,1,439,444,2,542,548,3,621,623,4,616,612,5,533,526,6,432,427,7,391,392,
16204,1,435,440,2,537,542,3,618,622,4,619,616,5,538,532,6,436,431,7,391,392,
16279,1,431,436,2,531,538,3,616,620,4,621,618,5,543,537,6,440,435,7,391,392,
16354,1,427,432,2,526,532,3,613,618,4,623,619,5,548,541,6,445,438,7,391,392,
16429,1,423,427,2,521,527,3,610,616,4,625,622,5,553,547,6,449,442,7,392,392,
16504,1,420,424,2,515,523,3,607,612,4,626,625,5,558,553,6,454,449,7,392,392,
16579,1,416,421,2,510,517,3,604,609,4,628,625,5,563,556,6,459,453,7,394,392,
16654,1,413,419,2,505,512,3,601,605,4,629,627,5,568,562,6,464,458,7,395,392,
16729,1,410,413,2,500,507,3,597,603,4,629,627,5,572,569,6,469,461,7,396,394,
16804,1,407,411,2,494,502,3,593,598,4,630,628,5,577,571,6,474,468,7,398,395,
16879,1,405,409,2,489,496,3,589,595,4,630,628,5,581,575,6,479,473,7,400,397,
16954,1,402,406,2,484,492,3,585,591,4,630,629,5,585,580,6,484,477,7,402,401,
17029,1,400,403,2,479,485,3,581,587,4,630,628,5,589,583,6,489,481,7,405,401,
17104,1,398,401,2,473,481,3,577,583,4,630,630,5,593,589,6,494,488,7,407,402,
17179,1,396,399,2,468,475,3,572,579,4,629,630,5,597,593,6,500,493,7,410,407,
17254,1,395,399,2,464,470,3,568,574,4,629,630,5,601,596,6,505,499,7,413,410,
17329,1,394,396,2,459,466,3,563,571,4,628,630,5,604,599,6,510,505,7,417,412,
17404,1,392,395,2,454,461,3,558,565,4,626,630,5,607,602,6,516,510,7,420,415,
17479,1,392,393,2,449,457,3,553,560,4,625,628,5,610,607,6,521,517,7,424,420,
17554,1,391,393,2,445,451,3,548,556,4,623,626,5,613,609,6,526,522,7,427,425,
17629,1,391,392,2,440,446,3,543,551,4,621,626,5,616,611,6,531,524,7,431,426,
17704,1,391,392,2,436,442,3,538,545,4,619,622,5,618,614,6,537,531,7,435,430,
17779,1,391,392,2,432,438,3,533,540,4,616,621,5,621,617,6,542,537,7,439,435,
17854,1,391,392,2,428,435,3,527,535,4,614,618,5,623,620,6,547,542,7,444,440,
17929,1,391,392,2,424,430,3,522,528,4,611,616,5,624,622,6,552,546,7,448,442,
18004,1,392,392,2,421,425,3,517,523,4,608,612,5,626,622,6,557,554,7,453,448,
18079,1,393,392,2,417,423,3,511,519,4,605,609,5,627,626,6,562,556,7,458,453,
18154,1,395,392,2,414,419,3,506,513,4,601,606,5,628,627,6,567,562,7,463,456,
18229,1,396,394,2,411,415,3,501,508,4,598,602,5,629,627,6,571,568,7,467,462,
18304,1,398,395,2,408,412,3,495,503,4,594,599,5,630,627,6,576,570,7,472,466,
18379,1,400,396,2,405,409,3,490,496,4,590,595,5,630,628,6,580,575,7,478,472,
18454,1,402,397,2,403,406,3,485,491,4,586,592,5,630,628,6,584,580,7,483,478,
18529,1,404,401,2,401,404,3,480,486,4,582,587,5,630,628,6,589,584,7,488,482,
18604,1,407,403,2,399,403,3,475,482,4,578,583,5,630,629,6,593,588,7,493,487,
18679,1,410,406,2,397,400,3,470,478,4,573,580,5,630,629,6,596,593,7,498,492,
18754,1,413,408,2,395,400,3,465,472,4,569,574,5,629,631,6,600,596,7,504,498,
18829,1,416,412,2,394,396,3,460,467,4,564,570,5,628,631,6,603,597,7,509,504,
18904,1,419,415,2,393,396,3,455,461,4,559,565,5,627,629,6,607,602,7,514,511,
18979,1,423,418,2,392,394,3,450,456,4,554,560,5,625,628,6,610,607,7,520,513,
19054,1,426,422,2,391,393,3,446,453,4,549,556,5,623,626,6,613,609,7,525,520,
19129,1,430,425,2,391,392,3,441,448,4,544,550,5,621,625,6,615,612,7,530,524,
19204,1,434,430,2,391,393,3,437,443,4,539,545,5,619,622,6,618,613,7,536,529,
19279,1,439,432,2,391,392,3,433,438,4,534,539,5,617,620,6,620,617,7,541,537,
19354,1,443,440,2,391,392,3,429,435,4,528,534,5,614,618,6,622,619,7,546,542,
19429,1,447,441,2,391,392,3,425,431,4,523,530,5,612,614,6,624,621,7,551,545,
19504,1,452,445,2,392,392,3,421,427,4,518,523,5,609,613,6,626,622,7,556,550,
19579,1,457,452,2,393,392,3,418,422,4,512,518,5,606,609,6,627,625,7,561,558,
19654,1,461,457,2,394,392,3,415,419,4,507,511,5,602,606,6,628,625,7,566,559,
19729,1,466,460,2,396,393,3,412,417,4,502,508,5,599,603,6,629,625,7,570,565,
19804,1,471,464,2,397,395,3,409,413,4,497,502,5,595,599,6,630,627,7,575,569,
19879,1,476,473,2,399,396,3,406,411,4,491,497,5,591,595,6,630,628,7,579,574,
19954,1,482,475,2,401,396,3,403,409,4,486,491,5,587,593,6,630,628,7,584,579,
20029,1,487,481,2,404,400,3,401,405,4,481,486,5,583,588,6,630,629,7,588,582,
20104,1,492,486,2,406,403,3,399,403,4,476,481,5,579,583,6,630,628,7,592,588,
20179,1,497,491,2,409,405,3,397,400,4,471,475,5,574,580,6,630,628,7,596,594,
20254,1,503,496,2,412,408,3,396,400,4,466,472,5,570,574,6,629,628,7,599,595,
20329,1,508,502,2,415,411,3,394,399,4,461,466,5,565,570,6,628,628,7,603,598,
20404,1,513,508,2,418,416,3,393,395,4,456,461,5,560,566,6,627,628,7,606,603,
20479,1,519,513,2,422,416,3,392,396,4,451,457,5,555,560,6,625,628,7,609,605,
20554,1,524,518,2,426,423,3,391,394,4,447,451,5,550,555,6,624,625,7,612,610,
20629,1,529,523,2,429,426,3,391,393,4,442,447,5,545,550,6,622,624,7,615,608,
20704,1,534,530,2,433,429,3,391,393,4,438,444,5,540,545,6,620,623,7,617,612,
20779,1,540,533,2,438,432,3,391,392,4,434,438,5,535,540,6,618,619,7,620,616,
20854,1,545,539,2,442,437,3,391,392,4,430,434,5,530,534,6,615,617,7,622,619,
20929,1,550,544,2,446,443,3,391,392,4,426,430,5,524,530,6,612,616,7,624,623,
21004,1,555,550,2,451,446,3,392,392,4,422,427,5,519,524,6,609,612,7,625,623,
21079,1,560,553,2,456,450,3,393,393,4,419,422,5,514,520,6,606,608,7,627,623,
21154,1,565,559,2,460,455,3,394,393,4,415,420,5,508,513,6,603,605,7,628,624,
21229,1,569,565,2,465,463,3,395,393,4,412,415,5,503,508,6,599,603,7,629,628,
21304,1,574,568,2,470,464,3,397,394,4,409,413,5,498,503,6,596,597,7,630,628,
21379,1,578,573,2,475,469,3,399,395,4,406,408,5,492,496,6,592,595,7,630,629,
21454,1,583,578,2,480,473,3,401,395,4,404,406,5,487,491,6,588,590,7,630,629,
21529,1,587,581,2,486,478,3,403,400,4,402,403,5,482,485,6,584,586,7,630,629,
21604,1,591,585,2,491,485,3,406,401,4,399,401,5,477,480,6,580,582,7,630,629,
21679,1,595,589,2,496,488,3,408,404,4,398,400,5,472,474,6,575,577,7,630,629,
21754,1,598,593,2,501,493,3,411,404,4,396,398,5,467,471,6,571,573,7,629,629,
21829,1,602,596,2,507,499,3,414,408,4,394,395,5,462,466,6,566,569,7,628,629,
21904,1,605,600,2,512,505,3,418,412,4,393,394,5,457,460,6,561,564,7,627,629,
21979,1,609,602,2,517,510,3,421,415,4,392,392,5,452,456,6,556,558,7,626,628,
22054,1,611,607,2,523,514,3,425,418,4,391,391,5,448,451,6,551,554,7,624,627,
22129,1,614,609,2,528,520,3,429,421,4,391,391,5,443,447,6,546,549,7,622,625,
22204,1,617,612,2,533,525,3,433,425,4,391,389,5,439,441,6,541,545,7,620,624,
22279,1,619,614,2,539,531,3,437,430,4,391,389,5,435,438,6,536,538,7,618,621,
22354,1,621,617,2,544,536,3,441,434,4,391,388,5,431,434,6,531,535,7,616,619,
22429,1,623,619,2,549,542,3,445,438,4,391,388,5,427,430,6,525,530,7,613,617,
22504,1,625,621,2,554,547,3,450,443,4,392,388,5,423,426,6,520,523,7,610,614,
22579,1,626,623,2,559,550,3,455,447,4,393,388,5,419,422,6,515,518,7,607,608,
22654,1,628,624,2,564,557,3,459,451,4,394,389,5,416,418,6,509,514,7,604,608,
22729,1,629,624,2,568,561,3,464,456,4,395,389,5,413,415,6,504,508,7,600,605,
22804,1,630,627,2,573,565,3,469,460,4,397,392,5,410,413,6,499,500,7,597,599,
22879,1,630,627,2,577,569,3,474,464,4,398,393,5,407,409,6,494,499,7,593,599,
22954,1,630,627,2,582,572,3,479,469,4,400,394,5,404,407,6,488,492,7,589,594,
23029,1,630,627,2,586,579,3,485,474,4,403,395,5,402,403,6,483,487,7,585,590,
23104,1,630,627,2,590,581,3,490,480,4,405,398,5,400,400,6,478,481,7,580,585,
23179,1,630,627,2,594,587,3,495,486,4,408,401,5,398,400,6,473,477,7,576,580,
23254,1,629,627,2,598,592,3,500,491,4,411,403,5,396,398,6,468,472,7,572,577,
23329,1,628,627,2,601,594,3,506,495,4,414,408,5,395,397,6,463,467,7,567,572,
23404,1,627,627,2,605,597,3,511,503,4,417,411,5,393,396,6,458,462,7,562,566,
23479,1,626,627,2,608,603,3,516,508,4,420,414,5,392,392,6,453,457,7,557,564,
23554,1,625,627,2,611,606,3,522,513,4,424,416,5,392,392,6,449,451,7,552,558,
23629,1,623,624,2,614,608,3,527,519,4,428,422,5,391,392,6,444,448,7,547,551,
23704,1,621,622,2,616,612,3,532,524,4,432,426,5,391,391,6,440,442,7,542,548,
23779,1,619,621,2,619,613,3,537,529,4,436,429,5,391,391,6,436,440,7,537,543,
23854,1,616,618,2,621,616,3,543,534,4,440,433,5,391,391,6,431,436,7,532,538,
23929,1,613,617,2,623,618,3,548,540,4,444,438,5,391,391,6,428,430,7,527,532,
24004,1,611,612,2,625,620,3,553,545,4,449,441,5,392,391,6,424,428,7,521,527,
24079,1,608,609,2,626,622,3,558,549,4,454,446,5,392,391,6,420,425,7,516,521,
24154,1,604,607,2,627,624,3,562,555,4,458,452,5,393,391,6,417,419,7,511,514,
24229,1,601,602,2,629,625,3,567,559,4,463,455,5,395,391,6,413,417,7,505,513,
24304,1,597,600,2,629,626,3,572,564,4,468,460,5,396,391,6,410,413,7,500,503,
24379,1,594,595,2,630,627,3,576,570,4,473,466,5,398,394,6,408,410,7,495,503,
24454,1,590,593,2,630,627,3,581,573,4,478,470,5,400,396,6,405,406,7,489,495,
24529,1,586,589,2,630,627,3,585,578,4,483,476,5,402,397,6,403,405,7,484,490,
24604,1,581,585,2,630,627,3,589,582,4,489,481,5,405,400,6,400,403,7,479,484,
24679,1,577,580,2,630,628,3,593,586,4,494,487,5,407,403,6,398,400,7,474,480,
24754,1,573,575,2,629,628,3,597,591,4,499,491,5,410,405,6,397,398,7,469,473,
24829,1,568,572,2,629,627,3,600,594,4,505,496,5,413,407,6,395,397,7,464,471,
24904,1,563,565,2,628,627,3,604,597,4,510,503,5,416,411,6,394,395,7,459,466,
24979,1,558,562,2,626,627,3,607,602,4,515,508,5,420,414,6,393,394,7,454,460,
25054,1,553,557,2,625,625,3,610,603,4,520,512,5,423,419,6,392,393,7,450,456,
25129,1,548,552,2,623,625,3,613,608,4,526,518,5,427,421,6,391,392,7,445,449,
25204,1,543,547,2,621,622,3,616,610,4,531,525,5,431,426,6,391,391,7,441,443,
25279,1,538,540,2,619,621,3,618,613,4,536,528,5,435,429,6,391,392,7,436,442,
25354,1,533,538,2,617,619,3,620,614,4,541,534,5,439,433,6,391,391,7,432,436,
25429,1,528,531,2,614,616,3,622,617,4,547,539,5,444,437,6,391,391,7,428,433,
25504,1,522,527,2,611,613,3,624,619,4,552,545,5,448,442,6,391,391,7,425,429,
25579,1,517,521,2,608,611,3,626,621,4,557,551,5,453,445,6,392,391,7,421,426,
25654,1,512,516,2,605,608,3,627,624,4,561,555,5,457,450,6,393,391,7,417,420,
25729,1,506,511,2,602,604,3,628,624,4,566,559,5,462,455,6,394,391,7,414,418,
25804,1,501,506,2,598,601,3,629,624,4,571,564,5,467,460,6,396,391,7,411,415,
25879,1,496,500,2,594,598,3,630,625,4,575,569,5,472,465,6,398,396,7,408,413,
25954,1,491,495,2,591,594,3,630,628,4,580,573,5,477,470,6,400,396,7,406,408,
26029,1,485,490,2,586,590,3,630,628,4,584,578,5,482,476,6,402,398,7,403,407,
26104,1,480,484,2,582,586,3,630,628,4,588,582,5,488,480,6,404,400,7,401,405,
26179,1,475,479,2,578,580,3,630,628,4,592,586,5,493,487,6,407,403,7,399,402,
26254,1,470,475,2,573,578,3,630,628,4,596,589,5,498,491,6,409,406,7,397,401,
26329,1,465,469,2,569,572,3,629,628,4,600,595,5,503,496,6,412,406,7,395,398,
26404,1,460,465,2,564,569,3,628,628,4,603,598,5,509,501,6,416,411,7,394,397,
26479,1,455,459,2,559,564,3,627,628,4,606,601,5,514,508,6,419,414,7,393,396,
26554,1,451,454,2,554,560,3,625,628,4,610,605,5,519,512,6,422,418,7,392,395,
26629,1,446,452,2,549,554,3,624,625,4,612,609,5,525,518,6,426,421,7,391,394,
26704,1,442,446,2,544,549,3,622,624,4,615,611,5,530,523,6,430,423,7,391,394,
26779,1,437,441,2,539,545,3,620,622,4,618,614,5,535,528,6,434,429,7,391,392,
26854,1,433,437,2,534,539,3,617,620,4,620,619,5,540,534,6,438,433,7,391,392,
26929,1,429,433,2,529,536,3,615,619,4,622,619,5,545,539,6,443,437,7,391,392,
27004,1,425,431,2,524,530,3,612,617,4,624,620,5,551,543,6,447,441,7,391,392,
27079,1,422,425,2,518,524,3,609,613,4,626,621,5,556,550,6,452,446,7,392,392,
27154,1,418,422,2,513,520,3,606,610,4,627,625,5,560,555,6,456,451,7,393,392,
27229,1,415,419,2,508,514,3,602,607,4,628,625,5,565,560,6,461,455,7,394,392,
27304,1,412,416,2,502,510,3,599,603,4,629,627,5,570,563,6,466,460,7,396,392,
27379,1,409,412,2,497,503,3,595,600,4,630,628,5,574,570,6,471,465,7,397,396,
27454,1,406,410,2,492,498,3,591,596,4,630,628,5,579,573,6,476,470,7,399,396,
27529,1,404,408,2,486,493,3,587,592,4,630,628,5,583,577,6,481,475,7,401,397,
27604,1,401,404,2,481,487,3,583,588,4,630,628,5,587,583,6,486,480,7,404,402,
27679,1,399,402,2,476,482,3,579,585,4,630,629,5,591,587,6,492,487,7,406,402,
27754,1,397,399,2,471,479,3,574,580,4,630,630,5,595,589,6,497,491,7,409,405,
27829,1,396,399,2,466,473,3,570,576,4,629,631,5,599,593,6,502,499,7,412,409,
27904,1,394,399,2,461,469,3,565,573,4,628,631,5,602,599,6,508,499,7,415,411,
27979,1,393,395,2,456,464,3,560,568,4,627,630,5,606,601,6,513,508,7,418,413,
28054,1,392,394,2,452,459,3,556,562,4,626,629,5,609,606,6,518,513,7,422,417,
28129,1,391,392,2,447,453,3,551,558,4,624,628,5,612,608,6,524,518,7,425,423,
28204,1,391,392,2,443,450,3,545,553,4,622,625,5,615,611,6,529,524,7,429,425,
28279,1,391,392,2,438,444,3,540,547,4,620,624,5,617,614,6,534,529,7,433,428,
28354,1,391,391,2,434,440,3,535,543,4,618,622,5,620,614,6,539,534,7,437,433,
28429,1,391,392,2,430,437,3,530,537,4,615,619,5,622,619,6,544,538,7,442,436,
28504,1,391,392,2,426,432,3,525,532,4,612,618,5,624,621,6,549,545,7,446,443,
28579,1,392,392,2,422,429,3,519,527,4,610,614,5,625,624,6,554,549,7,451,446,
28654,1,393,392,2,419,424,3,514,521,4,606,611,5,627,622,6,559,554,7,455,452,
28729,1,394,392,2,416,422,3,509,516,4,603,608,5,628,626,6,564,560,7,460,453,
28804,1,395,392,2,412,418,3,503,511,4,600,606,5,629,627,6,569,564,7,465,460,
28879,1,397,394,2,409,414,3,498,505,4,596,602,5,630,628,6,573,569,7,470,466,
28954,1,399,396,2,407,411,3,493,502,4,592,599,5,630,628,6,578,572,7,475,469,
29029,1,401,396,2,404,410,3,488,495,4,588,593,5,630,628,6,582,578,7,480,473,
29104,1,403,401,2,402,405,3,482,490,4,584,589,5,630,629,6,586,581,7,485,480,
29179,1,406,401,2,400,404,3,477,484,4,580,586,5,630,631,6,591,586,7,491,486,
29254,1,408,405,2,398,401,3,472,479,4,575,581,5,630,631,6,594,590,7,496,490,
29329,1,411,408,2,396,400,3,467,474,4,571,576,5,629,632,6,598,594,7,501,497,
29404,1,414,410,2,394,399,3,462,469,4,566,572,5,628,631,6,602,599,7,506,499,
29479,1,417,414,2,393,396,3,457,464,4,561,568,5,627,631,6,605,601,7,512,503,
29554,1,421,418,2,392,395,3,453,459,4,557,562,5,626,628,6,608,604,7,517,513,
29629,1,425,420,2,391,394,3,448,455,4,552,558,5,624,627,6,611,607,7,522,520,
29704,1,428,425,2,391,393,3,444,449,4,547,553,5,622,625,6,614,611,7,528,521,
29779,1,432,429,2,391,392,3,439,446,4,541,548,5,620,624,6,617,613,7,533,527,
29854,1,436,432,2,391,393,3,435,441,4,536,543,5,618,621,6,619,616,7,538,533,
29929,1,441,436,2,391,392,3,431,437,4,531,536,5,616,620,6,621,617,7,543,537,
30004,1,445,441,2,391,393,3,427,433,4,526,532,5,613,616,6,623,621,7,548,543,
30079,1,450,445,2,392,392,3,423,429,4,520,527,5,610,614,6,625,622,7,553,549,
30154,1,454,451,2,393,393,3,420,425,4,515,520,5,607,611,6,626,623,7,558,552,
30229,1,459,454,2,394,393,3,416,421,4,510,515,5,604,608,6,628,625,7,563,558,
30304,1,464,459,2,395,393,3,413,418,4,505,510,5,600,605,6,629,625,7,568,563,
30379,1,469,464,2,397,393,3,410,415,4,499,506,5,597,602,6,629,627,7,573,569,
30454,1,474,467,2,398,396,3,407,412,4,494,499,5,593,597,6,630,627,7,577,572,
30529,1,479,473,2,400,396,3,405,410,4,489,494,5,589,593,6,630,627,7,581,576,
30604,1,484,477,2,403,397,3,402,408,4,483,489,5,585,589,6,630,629,7,586,582,
30679,1,489,484,2,405,402,3,400,403,4,478,483,5,581,585,6,630,628,7,590,585,
30754,1,495,488,2,408,404,3,398,401,4,473,478,5,576,581,6,630,629,7,594,589,
30829,1,500,495,2,410,406,3,396,400,4,468,473,5,572,575,6,629,629,7,597,595,
30904,1,505,499,2,414,409,3,395,400,4,463,470,5,567,572,6,629,629,7,601,595,
30979,1,511,506,2,417,413,3,393,398,4,458,463,5,562,567,6,627,629,7,604,598,
31054,1,516,511,2,420,416,3,392,395,4,454,459,5,558,562,6,626,628,7,608,603,
31129,1,521,516,2,424,421,3,392,395,4,449,455,5,553,558,6,625,627,7,611,608,
31204,1,527,521,2,428,424,3,391,395,4,444,450,5,548,554,6,623,625,7,613,610,
31279,1,532,527,2,431,427,3,391,395,4,440,445,5,543,548,6,621,623,7,616,614,
31354,1,537,531,2,436,431,3,391,393,4,436,441,5,537,543,6,619,621,7,619,614,
31429,1,542,536,2,440,436,3,391,393,4,432,436,5,532,537,6,616,618,7,621,619,
31504,1,547,541,2,444,440,3,391,392,4,428,432,5,527,531,6,614,617,7,623,620,
31579,1,552,546,2,449,444,3,392,392,4,424,429,5,522,527,6,611,614,7,625,621,
31654,1,557,551,2,453,449,3,392,392,4,420,424,5,516,521,6,608,608,7,626,624,
31729,1,562,556,2,458,451,3,393,392,4,417,420,5,511,516,6,605,608,7,627,624,
31804,1,567,561,2,463,458,3,395,392,4,414,417,5,506,510,6,601,603,7,628,624,
31879,1,572,565,2,468,463,3,396,394,4,411,414,5,500,505,6,598,599,7,629,628,
31954,1,576,570,2,473,468,3,398,394,4,408,411,5,495,497,6,594,597,7,630,628,
32029,1,580,574,2,478,471,3,400,395,4,405,406,5,490,494,6,590,592,7,630,628,
32104,1,585,578,2,483,475,3,402,398,4,403,404,5,485,489,6,586,589,7,630,628,
32179,1,589,583,2,488,481,3,404,400,4,400,402,5,479,483,6,582,583,7,630,628,
32254,1,593,588,2,494,486,3,407,402,4,398,398,5,474,477,6,577,581,7,630,628,
32329,1,597,590,2,499,492,3,410,404,4,397,397,5,469,473,6,573,575,7,630,628,
32404,1,600,595,2,504,498,3,413,406,4,395,397,5,464,468,6,568,571,7,629,628,
32479,1,604,598,2,509,502,3,416,411,4,394,394,5,459,463,6,564,567,7,628,628,
32554,1,607,601,2,515,507,3,419,413,4,393,394,5,455,458,6,559,560,7,626,628,
32629,1,610,605,2,520,512,3,423,415,4,392,392,5,450,454,6,554,558,7,625,627,
32704,1,613,608,2,525,517,3,427,419,4,391,392,5,445,449,6,549,553,7,623,626,
32779,1,616,611,2,531,523,3,431,424,4,391,391,5,441,444,6,544,546,7,621,624,
32854,1,618,614,2,536,529,3,435,427,4,391,389,5,437,440,6,539,542,7,619,623,
32929,1,620,616,2,541,532,3,439,432,4,391,389,5,433,436,6,533,537,7,617,619,
33004,1,622,617,2,546,538,3,443,436,4,391,388,5,429,433,6,528,531,7,614,618,
33079,1,624,620,2,551,544,3,448,439,4,391,387,5,425,427,6,523,526,7,611,614,
33154,1,626,621,2,556,548,3,452,444,4,392,387,5,421,423,6,517,522,7,609,613,
33229,1,627,624,2,561,553,3,457,448,4,393,388,5,418,420,6,512,515,7,605,608,
33304,1,628,624,2,566,558,3,462,453,4,394,388,5,414,417,6,507,511,7,602,606,
33379,1,629,624,2,571,562,3,467,458,4,396,389,5,411,413,6,501,506,7,598,603,
33454,1,630,624,2,575,567,3,472,463,4,398,392,5,408,410,6,496,499,7,595,599,
33529,1,630,625,2,580,571,3,477,468,4,399,394,5,406,407,6,491,495,7,591,594,
33604,1,630,628,2,584,577,3,482,472,4,402,395,5,403,407,6,486,489,7,587,589,
33679,1,630,628,2,588,580,3,487,478,4,404,397,5,401,403,6,480,485,7,583,588,
33754,1,630,628,2,592,585,3,492,483,4,406,400,5,399,400,6,475,479,7,578,584,
33829,1,630,628,2,596,588,3,498,488,4,409,402,5,397,398,6,470,474,7,574,578,
33904,1,629,627,2,599,593,3,503,494,4,412,404,5,395,396,6,465,468,7,569,575,
33979,1,628,628,2,603,595,3,508,498,4,415,409,5,394,396,6,460,464,7,565,568,
34054,1,627,627,2,606,599,3,514,504,4,419,412,5,393,393,6,456,459,7,560,566,
34129,1,625,628,2,609,602,3,519,510,4,422,415,5,392,393,6,451,455,7,555,559,
34204,1,624,624,2,612,606,3,524,516,4,426,418,5,391,392,6,446,450,7,550,556,
34279,1,622,622,2,615,608,3,530,521,4,430,423,5,391,391,6,442,445,7,545,551,
34354,1,620,621,2,618,612,3,535,527,4,434,427,5,391,391,6,438,442,7,540,545,
34429,1,617,619,2,620,614,3,540,532,4,438,430,5,391,391,6,433,437,7,534,538,
34504,1,615,616,2,622,616,3,545,536,4,442,435,5,391,391,6,429,431,7,529,535,
34579,1,612,614,2,624,618,3,550,542,4,447,440,5,391,391,6,426,428,7,524,529,
34654,1,609,610,2,625,620,3,555,547,4,451,444,5,392,391,6,422,426,7,519,524,
34729,1,606,607,2,627,621,3,560,552,4,456,448,5,393,391,6,418,422,7,513,521,
34804,1,603,605,2,628,624,3,565,556,4,461,453,5,394,391,6,415,417,7,508,513,
34879,1,599,602,2,629,625,3,570,562,4,466,459,5,396,391,6,412,415,7,503,505,
34954,1,596,598,2,630,626,3,574,567,4,471,464,5,397,394,6,409,412,7,497,503,
35029,1,592,595,2,630,627,3,579,571,4,476,469,5,399,394,6,406,409,7,492,498,
35104,1,588,589,2,630,627,3,583,576,4,481,473,5,401,396,6,404,405,7,487,491,
35179,1,584,587,2,630,627,3,587,580,4,486,478,5,403,399,6,401,404,7,482,489,
35254,1,579,583,2,630,627,3,591,584,4,491,483,5,406,400,6,399,400,7,476,482,
35329,1,575,577,2,630,627,3,595,589,4,497,489,5,409,405,6,397,400,7,471,477,
35404,1,570,574,2,629,627,3,599,592,4,502,495,5,412,405,6,396,397,7,466,472,
35479,1,566,568,2,628,627,3,602,596,4,507,500,5,415,411,6,394,396,7,461,466,
35554,1,561,565,2,627,626,3,606,599,4,512,504,5,418,413,6,393,394,7,457,460,
35629,1,556,559,2,626,626,3,609,603,4,518,510,5,421,416,6,392,393,7,452,460,
35704,1,551,553,2,624,626,3,612,606,4,523,515,5,425,419,6,391,392,7,447,453,
35779,1,546,550,2,622,623,3,614,609,4,528,521,5,429,423,6,391,391,7,443,447,
35854,1,541,544,2,620,622,3,617,610,4,534,526,5,433,426,6,391,391,7,439,443,
35929,1,536,539,2,618,620,3,619,613,4,539,532,5,437,430,6,391,391,7,434,441,
36004,1,530,535,2,615,616,3,621,614,4,544,537,5,441,435,6,391,391,7,430,435,
36079,1,525,527,2,613,614,3,623,618,4,549,541,5,446,439,6,391,391,7,426,430,
36154,1,520,522,2,610,612,3,625,619,4,554,546,5,450,445,6,392,391,7,423,427,
36229,1,514,519,2,607,608,3,627,622,4,559,552,5,455,448,6,393,391,7,419,423,
36304,1,509,513,2,603,607,3,628,624,4,564,557,5,460,453,6,394,391,7,416,420,
36379,1,504,509,2,600,602,3,629,625,4,569,562,5,465,458,6,395,392,7,413,418,
36454,1,498,503,2,596,599,3,630,625,4,573,567,5,470,463,6,397,394,7,410,415,
36529,1,493,497,2,593,595,3,630,627,4,578,571,5,475,468,6,399,396,7,407,412,
36604,1,488,492,2,589,592,3,630,627,4,582,576,5,480,473,6,401,398,7,404,407,
36679,1,483,487,2,584,589,3,630,628,4,586,580,5,485,478,6,403,398,7,402,405,
36754,1,478,484,2,580,585,3,630,628,4,590,584,5,490,483,6,405,402,7,400,405,
36829,1,472,477,2,576,580,3,630,628,4,594,589,5,495,489,6,408,403,7,398,401,
36904,1,467,473,2,571,577,3,629,629,4,598,592,5,501,494,6,411,406,7,396,398,
36979,1,463,467,2,567,572,3,628,629,4,601,597,5,506,500,6,414,410,7,395,397,
37054,1,458,464,2,562,569,3,627,629,4,605,601,5,511,505,6,417,413,7,393,397,
37129,1,453,459,2,557,564,3,626,629,4,608,604,5,517,510,6,421,415,7,392,396,
37204,1,448,453,2,552,559,3,624,629,4,611,607,5,522,516,6,424,421,7,391,394,