timestamp,id01,m01_gp,m01_pp,id02,m02_gp,m02_pp,id03,m03_gp,m03_pp,id04,m04_gp,m04_pp,id05,m05_gp,m05_pp,id06,m06_gp,m06_pp,id07,m07_gp,m07_pp,
2903,1,628,391,2,628,429,3,628,530,4,628,616,5,628,620,6,628,550,7,628,437,
2955,1,602,391,2,630,429,3,630,529,4,630,616,5,630,620,6,630,550,7,630,437,
3011,1,575,391,2,629,429,3,630,529,4,630,616,5,630,620,6,630,550,7,630,437,
3067,1,552,391,2,624,429,3,630,529,4,629,616,5,629,620,6,629,552,7,629,437,
3126,1,529,391,2,614,429,3,630,530,4,627,616,5,626,620,6,626,554,7,626,437,
3184,1,506,391,2,601,429,3,630,530,4,625,616,5,622,620,6,622,554,7,622,437,
3245,1,483,391,2,585,429,3,630,530,4,624,616,5,617,620,6,616,553,7,616,437,
3307,1,461,391,2,565,429,3,626,530,4,625,616,5,613,620,6,609,553,7,609,437,
3369,1,441,391,2,544,429,3,619,530,4,627,616,5,610,620,6,602,553,7,600,437,
3433,1,424,391,2,521,429,3,609,530,4,630,616,5,610,620,6,595,553,7,591,437,
3498,1,409,391,2,498,429,3,595,530,4,630,616,5,612,620,6,590,553,7,582,437,
3563,1,399,391,2,476,429,3,577,529,4,629,616,5,616,620,6,588,553,7,573,437,
3629,1,393,391,2,454,429,3,558,530,4,624,616,5,621,620,6,588,553,7,566,437,
3695,1,391,391,2,435,429,3,536,530,4,616,616,5,626,620,6,591,553,7,560,437,
3762,1,393,391,2,419,429,3,513,530,4,604,616,5,630,620,6,597,553,7,558,437,
3830,1,400,391,2,406,429,3,490,529,4,589,616,5,630,620,6,605,553,7,559,437,
3898,1,410,391,2,396,429,3,468,530,4,571,616,5,628,620,6,613,553,7,563,437,
3966,1,425,391,2,391,429,3,448,529,4,551,616,5,622,620,6,620,552,7,571,437,
4034,1,442,391,2,391,429,3,429,529,4,528,616,5,613,620,6,626,552,7,580,437,
4102,1,462,391,2,395,429,3,414,530,4,506,616,5,600,620,6,630,552,7,590,437,
4171,1,484,391,2,403,429,3,402,529,4,483,616,5,584,620,6,630,552,7,601,437,
4240,1,507,391,2,415,429,3,394,530,4,461,614,5,565,620,6,627,552,7,612,437,
4309,1,530,391,2,430,429,3,391,529,4,441,614,5,543,620,6,620,551,7,621,437,
4378,1,552,391,2,449,429,3,392,530,4,424,614,5,521,620,6,609,551,7,627,437,
4447,1,573,391,2,469,429,3,397,530,4,410,614,5,498,620,6,595,551,7,630,437,
4516,1,591,391,2,492,429,3,406,529,4,399,614,5,476,620,6,578,551,7,630,437,
4585,1,607,391,2,515,429,3,419,530,4,393,614,5,455,620,6,558,551,7,626,437,
4654,1,619,391,2,538,429,3,436,529,4,391,614,5,435,620,6,536,551,7,617,437,
4723,1,627,391,2,559,429,3,455,530,4,393,614,5,419,620,6,514,551,7,605,437,
4792,1,630,391,2,579,429,3,477,530,4,399,614,5,406,620,6,491,551,7,590,437,
4861,1,629,391,2,597,429,3,499,529,4,410,614,5,397,620,6,469,551,7,572,437,
4930,1,624,391,2,611,429,3,522,529,4,424,614,5,391,620,6,448,551,7,551,437,
4999,1,615,391,2,622,429,3,545,530,4,442,614,5,391,620,6,430,551,7,529,437,
5068,1,602,391,2,628,429,3,566,529,4,462,614,5,394,620,6,414,551,7,506,437,
5143,1,585,396,2,630,472,3,585,567,4,484,577,5,402,588,6,402,516,7,483,484,
5218,1,566,420,2,628,560,3,602,592,4,507,507,5,414,527,6,394,448,7,462,498,
5293,1,545,437,2,622,634,3,615,596,4,530,495,5,430,448,6,391,384,7,442,459,
5368,1,522,456,2,611,622,3,624,612,4,552,528,5,448,411,6,391,381,7,424,437,
5443,1,499,471,2,597,604,3,630,616,4,573,546,5,469,444,6,397,386,7,410,422,
5518,1,476,485,2,579,593,3,630,623,4,591,570,5,491,469,6,406,400,7,399,411,
5593,1,455,476,2,559,575,3,627,625,4,607,588,5,514,489,6,419,403,7,393,398,
5668,1,436,456,2,537,555,3,619,624,4,619,602,5,537,511,6,436,416,7,391,392,
5743,1,419,436,2,514,532,3,607,616,4,627,616,5,559,534,6,455,435,7,393,392,
5818,1,406,416,2,492,509,3,591,604,4,630,624,5,579,557,6,476,455,7,399,392,
5893,1,397,403,2,469,487,3,573,588,4,630,626,5,597,577,6,499,476,7,410,396,
5968,1,392,396,2,448,466,3,552,568,4,624,628,5,611,595,6,522,499,7,424,411,
6043,1,391,392,2,430,446,3,530,548,4,615,622,5,622,609,6,544,522,7,442,426,
6118,1,394,391,2,415,429,3,507,527,4,602,612,5,628,620,6,566,544,7,462,442,
6193,1,402,394,2,403,415,3,484,504,4,586,599,5,630,626,6,585,567,7,483,461,
6268,1,414,403,2,395,404,3,462,483,4,566,585,5,628,628,6,602,586,7,506,484,
6343,1,430,415,2,391,397,3,442,462,4,545,565,5,622,629,6,615,602,7,529,503,
6418,1,448,430,2,391,392,3,425,443,4,522,544,5,611,621,6,624,614,7,552,529,
6493,1,469,446,2,396,393,3,410,426,4,499,519,5,597,609,6,629,622,7,572,554,
6568,1,491,466,2,406,396,3,399,412,4,477,498,5,580,596,6,630,627,7,591,574,
6643,1,514,487,2,419,408,3,393,400,4,455,475,5,560,580,6,627,630,7,606,595,
6718,1,537,509,2,435,422,3,391,395,4,436,454,5,538,559,6,619,628,7,618,606,
6793,1,559,531,2,454,437,3,393,394,4,420,435,5,515,537,6,607,616,7,626,619,
6868,1,579,552,2,476,458,3,399,394,4,406,420,5,492,513,6,592,604,7,630,625,
6943,1,596,573,2,498,481,3,410,399,4,397,406,5,470,491,6,573,590,7,630,631,
7018,1,611,592,2,521,499,3,424,412,4,392,398,5,449,468,6,553,568,7,625,631,
7093,1,621,608,2,544,522,3,441,424,4,391,393,5,430,448,6,530,548,7,615,625,
7168,1,628,620,2,565,545,3,461,444,4,394,392,5,415,429,6,507,528,7,602,615,
7243,1,630,625,2,585,565,3,483,464,4,402,393,5,403,415,6,485,505,7,586,602,
7318,1,628,628,2,601,583,3,506,485,4,414,402,5,395,405,6,463,484,7,567,586,
7393,1,622,625,2,615,597,3,529,506,4,429,415,5,391,398,6,443,465,7,545,565,
7468,1,612,617,2,624,609,3,551,528,4,448,430,5,391,396,6,425,445,7,523,545,
7543,1,597,606,2,629,616,3,572,547,4,468,450,5,396,394,6,410,427,7,500,522,
7618,1,580,590,2,630,620,3,590,568,4,490,469,5,405,398,6,400,411,7,477,499,
7693,1,560,573,2,627,621,3,606,585,4,513,489,5,419,405,6,393,400,7,456,473,
7768,1,538,553,2,619,621,3,618,601,4,536,511,5,435,418,6,391,394,7,436,456,
7843,1,515,535,2,607,615,3,626,612,4,558,534,5,454,435,6,393,389,7,420,435,
7918,1,492,513,2,592,603,3,630,621,4,578,557,5,475,453,6,399,391,7,406,418,
7993,1,470,495,2,574,588,3,630,625,4,596,576,5,498,473,6,409,397,7,397,405,
8068,1,449,470,2,553,570,3,625,625,4,610,594,5,521,497,6,424,409,7,392,397,
8143,1,431,449,2,531,548,3,616,625,4,621,607,5,544,518,6,441,422,7,391,394,
8218,1,415,429,2,508,527,3,603,612,4,628,617,5,565,541,6,461,440,7,394,392,
8293,1,403,413,2,485,502,3,586,600,4,630,625,5,584,563,6,483,461,7,402,392,
8368,1,395,401,2,463,482,3,567,582,4,629,628,5,601,582,6,505,481,7,414,401,
8443,1,391,394,2,443,459,3,546,563,4,622,628,5,614,598,6,528,506,7,429,413,
8518,1,391,391,2,425,440,3,523,543,4,612,621,5,624,611,6,551,528,7,447,427,
8593,1,396,390,2,411,424,3,500,520,4,598,611,5,629,621,6,572,552,7,468,447,
8668,1,405,396,2,400,411,3,478,498,4,580,596,5,630,627,6,590,572,7,490,469,
8743,1,418,408,2,393,401,3,456,477,4,560,577,5,627,628,6,606,590,7,513,490,
8818,1,435,419,2,391,395,3,437,456,4,539,559,5,619,627,6,618,605,7,536,514,
8893,1,454,435,2,392,393,3,420,437,4,516,539,5,608,620,6,626,619,7,558,538,
8968,1,475,453,2,399,393,3,407,421,4,493,516,5,592,608,6,630,625,7,578,559,
9043,1,497,473,2,409,397,3,397,409,4,471,491,5,574,592,6,630,627,7,596,580,
9118,1,520,491,2,423,410,3,392,400,4,450,470,5,553,572,6,625,628,7,610,599,
9193,1,543,515,2,441,425,3,391,395,4,431,449,5,531,553,6,616,628,7,621,610,
9268,1,565,536,2,460,444,3,394,394,4,415,430,5,508,530,6,603,614,7,628,624,
9343,1,584,559,2,482,465,3,402,395,4,403,415,5,485,506,6,587,601,7,630,628,
9418,1,601,578,2,505,485,3,413,402,4,395,402,5,463,483,6,568,584,7,629,631,
9493,1,614,597,2,528,505,3,429,413,4,391,394,5,443,460,6,546,562,7,622,631,
9568,1,624,612,2,550,528,3,447,429,4,391,391,5,426,441,6,524,539,7,612,624,
9643,1,629,622,2,571,550,3,467,448,4,396,392,5,411,425,6,501,519,7,598,613,
9718,1,630,627,2,590,571,3,490,472,4,405,396,5,400,413,6,478,500,7,581,599,
9793,1,627,627,2,606,589,3,512,492,4,418,405,5,393,401,6,457,477,7,561,580,
9868,1,619,625,2,618,604,3,535,512,4,434,421,5,391,393,6,437,454,7,539,559,
9943,1,608,614,2,626,612,3,557,534,4,453,436,5,392,393,6,420,437,7,516,537,
10018,1,593,602,2,630,619,3,578,554,4,474,455,5,399,393,6,407,422,7,493,514,
10093,1,574,586,2,630,621,3,595,574,4,497,473,5,409,398,6,397,409,7,471,492,
10168,1,554,568,2,625,621,3,610,590,4,520,495,5,423,407,6,392,397,7,450,471,
10243,1,532,548,2,616,621,3,621,604,4,543,518,5,440,422,6,391,392,7,431,449,
10318,1,509,528,2,603,612,3,628,614,4,564,540,5,460,439,6,394,392,7,416,430,
10393,1,486,508,2,587,598,3,630,622,4,584,561,5,482,458,6,401,389,7,403,415,
10468,1,464,486,2,568,583,3,629,625,4,600,581,5,505,480,6,413,398,7,395,403,
10543,1,444,465,2,547,564,3,623,625,4,614,598,5,527,504,6,428,413,7,391,396,
10618,1,426,444,2,524,542,3,612,621,4,624,611,5,550,525,6,446,426,7,391,392,
10693,1,411,425,2,501,518,3,598,609,4,629,620,5,571,548,6,467,445,7,396,392,
10768,1,400,409,2,479,497,3,581,595,4,630,626,5,589,569,6,489,467,7,405,394,
10843,1,393,397,2,457,475,3,561,578,4,627,628,5,605,588,6,512,489,7,418,402,
10918,1,391,392,2,438,453,3,539,556,4,620,626,5,618,603,6,535,512,7,434,417,
10993,1,392,391,2,421,436,3,517,535,4,608,619,5,626,614,6,557,535,7,453,435,
11068,1,398,391,2,407,419,3,494,514,4,593,606,5,630,622,6,577,557,7,474,456,
11143,1,409,399,2,397,408,3,471,493,4,575,590,5,630,628,6,595,577,7,497,473,
11218,1,423,410,2,392,399,3,450,470,4,554,573,5,625,628,6,610,595,7,520,498,
11293,1,440,422,2,391,394,3,432,450,4,532,552,5,616,625,6,621,610,7,542,521,
11368,1,460,440,2,394,393,3,416,433,4,509,531,5,603,616,6,628,621,7,564,545,
11443,1,481,458,2,401,395,3,404,418,4,486,508,5,587,603,6,630,627,7,583,565,
11518,1,504,478,2,413,400,3,395,405,4,464,485,5,568,588,6,629,630,7,600,585,
11593,1,527,499,2,428,415,3,391,396,4,444,463,5,547,567,6,623,629,7,614,601,
11668,1,549,522,2,446,430,3,391,393,4,426,442,5,525,546,6,612,623,7,624,614,
11743,1,570,544,2,467,450,3,396,393,4,411,426,5,502,524,6,599,611,7,629,624,
11818,1,589,564,2,489,470,3,405,396,4,400,411,5,479,501,6,581,596,7,630,631,
11893,1,605,584,2,512,492,3,417,405,4,393,400,5,457,474,6,562,575,7,627,631,
11968,1,617,601,2,534,513,3,434,418,4,391,393,5,438,455,6,540,556,7,620,627,
12043,1,626,614,2,556,533,3,453,434,4,392,391,5,421,435,6,517,535,7,608,623,
12118,1,630,624,2,577,556,3,474,457,4,398,392,5,407,420,6,494,514,7,593,606,
12193,1,630,628,2,595,576,3,496,478,4,408,398,5,398,409,6,472,492,7,575,594,
12268,1,625,628,2,609,594,3,519,500,4,422,408,5,392,400,6,451,471,7,555,574,
12343,1,616,622,2,621,607,3,542,519,4,439,423,5,391,394,6,432,451,7,533,554,
12418,1,604,611,2,628,614,3,563,541,4,459,441,5,394,394,6,416,432,7,510,532,
12493,1,588,598,2,630,620,3,583,560,4,481,459,5,401,396,6,404,417,7,487,507,
12568,1,569,582,2,629,622,3,600,579,4,504,479,5,413,400,6,395,404,7,465,487,
12643,1,548,562,2,623,621,3,614,595,4,527,502,5,428,411,6,391,394,7,444,463,
12718,1,525,543,2,613,620,3,623,609,4,549,525,5,446,429,6,391,392,7,426,442,
12793,1,502,522,2,599,609,3,629,619,4,570,547,5,466,445,6,396,391,7,412,427,
12868,1,479,502,2,582,595,3,630,624,4,589,567,5,488,463,6,404,392,7,400,413,
12943,1,458,481,2,562,579,3,627,625,4,605,587,5,511,487,6,417,403,7,393,401,
13018,1,438,459,2,540,559,3,620,624,4,617,601,5,534,509,6,433,415,7,391,396,
13093,1,421,437,2,518,534,3,609,619,4,626,613,5,556,531,6,452,432,7,392,392,
13168,1,408,419,2,495,513,3,594,606,4,630,622,5,576,553,6,473,452,7,398,392,
13243,1,398,405,2,472,492,3,576,591,4,630,627,5,594,574,6,496,473,7,408,396,
13318,1,392,397,2,451,468,3,555,571,4,625,628,5,609,593,6,519,497,7,422,407,
13393,1,391,392,2,432,447,3,533,551,4,617,624,5,620,607,6,541,520,7,439,422,
13468,1,394,391,2,416,430,3,510,529,4,604,616,5,628,618,6,563,541,7,459,441,
13543,1,401,394,2,404,416,3,487,508,4,588,601,5,630,626,6,583,564,7,480,460,
13618,1,412,402,2,395,404,3,465,486,4,569,586,5,629,628,6,600,584,7,503,482,
13693,1,427,413,2,391,399,3,445,466,4,548,568,5,623,629,6,613,600,7,526,504,
13768,1,445,427,2,391,393,3,427,446,4,526,547,5,613,624,6,623,614,7,549,527,
13843,1,466,445,2,396,394,3,412,429,4,503,525,5,599,613,6,629,623,7,570,550,
13918,1,488,464,2,404,396,3,401,415,4,480,502,5,582,601,6,630,630,7,588,571,
13993,1,511,486,2,417,404,3,393,402,4,458,479,5,562,582,6,627,629,7,604,588,
14068,1,534,506,2,433,421,3,391,395,4,439,457,5,541,560,6,620,628,7,617,604,
14143,1,556,527,2,452,436,3,392,393,4,422,438,5,518,540,6,609,621,7,626,619,
14218,1,576,551,2,473,456,3,398,393,4,408,422,5,495,517,6,594,608,7,630,625,
14293,1,594,571,2,495,478,3,408,398,4,398,406,5,473,493,6,576,591,7,630,631,
14368,1,609,589,2,518,496,3,422,409,4,392,398,5,452,470,6,555,571,7,626,631,
14443,1,620,605,2,541,518,3,439,423,4,391,392,5,433,450,6,533,550,7,617,625,
14518,1,627,618,2,563,541,3,458,440,4,394,392,5,417,432,6,511,529,7,604,616,
14593,1,630,624,2,582,562,3,480,461,4,401,392,5,404,417,6,488,509,7,588,603,
14668,1,629,625,2,599,580,3,503,482,4,412,401,5,395,405,6,466,486,7,569,587,
14743,1,623,625,2,613,598,3,526,505,4,427,413,5,391,397,6,445,465,7,548,565,
14818,1,613,620,2,623,608,3,548,525,4,445,429,5,391,393,6,427,444,7,526,546,
14893,1,599,609,2,629,618,3,569,547,4,465,447,5,395,393,6,412,427,7,503,524,
14968,1,582,595,2,630,624,3,588,567,4,487,465,5,404,394,6,401,412,7,480,502,
15043,1,563,578,2,628,625,3,604,585,4,510,486,5,417,403,6,394,400,7,459,478,
15118,1,541,560,2,620,627,3,617,601,4,533,509,5,433,415,6,391,393,7,439,458,
15193,1,518,540,2,609,616,3,625,612,4,555,531,5,451,431,6,392,389,7,422,437,
15268,1,495,518,2,594,605,3,630,620,4,576,552,5,472,449,6,398,389,7,408,419,
15343,1,473,495,2,576,590,3,630,624,4,594,573,5,495,470,6,408,395,7,398,407,
15418,1,452,474,2,556,572,3,626,625,4,609,590,5,518,494,6,421,405,7,392,397,
15493,1,433,452,2,534,550,3,617,625,4,620,606,5,541,516,6,438,420,7,391,392,
15568,1,417,432,2,511,529,3,605,613,4,627,617,5,562,539,6,458,437,7,393,392,
15643,1,404,414,2,488,507,3,589,602,4,630,624,5,582,560,6,480,458,7,401,392,
15718,1,396,402,2,466,485,3,570,586,4,629,628,5,599,580,6,502,480,7,412,399,
15793,1,391,395,2,446,461,3,549,566,4,623,628,5,613,598,6,525,502,7,427,413,
15868,1,391,390,2,427,444,3,526,546,4,613,622,5,623,611,6,548,525,7,445,428,
15943,1,395,391,2,412,427,3,503,523,4,600,611,5,629,621,6,569,548,7,465,444,
16018,1,404,396,2,401,412,3,481,502,4,583,599,5,630,627,6,588,569,7,487,466,
16093,1,416,404,2,394,403,3,459,481,4,563,581,5,628,629,6,604,589,7,510,488,
16168,1,432,418,2,391,396,3,439,460,4,542,562,5,621,628,6,617,604,7,533,513,
16243,1,451,432,2,392,393,3,422,440,4,519,541,5,609,621,6,625,617,7,555,536,
16318,1,472,449,2,398,393,3,408,424,4,496,518,5,595,609,6,630,625,7,575,559,
16393,1,494,469,2,407,399,3,398,410,4,473,495,5,577,593,6,630,629,7,593,577,
16468,1,517,490,2,421,409,3,392,400,4,452,472,5,556,577,6,626,630,7,608,594,
16543,1,540,513,2,438,423,3,391,395,4,433,452,5,534,554,6,617,625,7,620,608,
16618,1,562,535,2,458,440,3,393,395,4,417,433,5,511,533,6,605,617,7,627,623,
16693,1,582,556,2,479,463,3,400,395,4,405,418,5,488,511,6,589,603,7,630,625,
16768,1,599,576,2,502,482,3,412,400,4,396,406,5,466,487,6,570,588,7,629,631,
16843,1,613,595,2,525,505,3,426,413,4,391,397,5,446,464,6,549,566,7,623,631,
16918,1,623,610,2,547,525,3,444,426,4,391,392,5,428,445,6,527,545,7,614,624,
16993,1,629,621,2,568,547,3,464,447,4,395,391,5,413,427,6,504,524,7,600,613,
17068,1,630,625,2,587,567,3,486,467,4,404,394,5,401,413,6,481,502,7,583,599,
17143,1,628,627,2,604,586,3,509,487,4,416,404,5,394,403,6,459,480,7,564,582,
17218,1,621,625,2,616,602,3,532,510,4,432,417,5,391,397,6,440,459,7,542,563,
17293,1,610,619,2,625,614,3,554,534,4,451,433,5,392,393,6,422,440,7,519,542,
17368,1,595,606,2,630,620,3,575,553,4,472,452,5,397,393,6,409,423,7,496,520,
17443,1,577,590,2,630,624,3,593,573,4,494,473,5,407,397,6,398,409,7,474,494,
17518,1,557,573,2,626,625,3,608,590,4,517,494,5,421,405,6,392,397,7,453,472,
17593,1,535,553,2,617,623,3,620,603,4,540,515,5,438,419,6,391,391,7,434,452,
17668,1,512,533,2,605,614,3,627,616,4,561,539,5,457,437,6,393,388,7,418,433,
17743,1,489,511,2,589,602,3,630,623,4,581,559,5,479,454,6,400,389,7,405,416,
17818,1,467,489,2,571,586,3,629,625,4,598,577,5,501,477,6,411,397,7,396,403,
17893,1,446,467,2,550,566,3,624,625,4,612,595,5,524,500,6,426,410,7,391,397,
17968,1,428,446,2,527,546,3,614,622,4,623,609,5,547,521,6,444,425,7,391,392,
18043,1,413,426,2,504,523,3,600,611,4,629,620,5,568,543,6,464,442,7,395,391,
18118,1,401,410,2,482,500,3,584,598,4,630,626,5,587,566,6,486,464,7,403,392,
18193,1,394,400,2,460,478,3,564,581,4,628,628,5,603,585,6,509,486,7,416,402,
18268,1,391,392,2,440,457,3,542,560,4,621,628,5,616,601,6,532,510,7,431,415,
18343,1,392,392,2,423,439,3,520,538,4,610,620,5,625,614,6,554,533,7,450,431,
18418,1,397,392,2,409,422,3,497,518,4,595,608,5,630,622,6,575,555,7,471,452,
18493,1,407,396,2,398,410,3,474,496,4,577,593,5,630,628,6,593,575,7,493,472,
18568,1,421,409,2,392,401,3,453,474,4,557,576,5,626,629,6,608,593,7,516,497,
18643,1,437,421,2,391,395,3,434,455,4,535,556,5,618,627,6,620,608,7,539,520,
18718,1,457,436,2,393,393,3,418,435,4,512,534,5,605,619,6,627,622,7,561,542,
18793,1,478,455,2,400,394,3,405,420,4,489,511,5,590,606,6,630,625,7,581,564,
18868,1,501,475,2,411,400,3,396,408,4,467,488,5,571,589,6,629,628,7,598,584,
18943,1,524,497,2,426,412,3,391,399,4,447,467,5,550,571,6,624,629,7,612,599,
19018,1,546,519,2,443,429,3,391,394,4,428,446,5,528,549,6,614,624,7,622,612,
19093,1,568,539,2,464,447,3,395,394,4,413,428,5,505,527,6,601,613,7,629,624,
19168,1,587,561,2,486,467,3,403,395,4,402,414,5,482,504,6,584,600,7,630,630,
19243,1,603,582,2,508,491,3,415,404,4,394,402,5,460,480,6,564,581,7,628,631,
19318,1,616,600,2,531,509,3,431,416,4,391,394,5,440,458,6,543,560,7,621,628,
19393,1,625,614,2,554,532,3,450,431,4,392,391,5,423,438,6,520,538,7,610,624,
19468,1,630,624,2,574,554,3,471,454,4,397,391,5,409,422,6,497,517,7,595,608,
19543,1,630,628,2,592,573,3,493,474,4,407,397,5,399,411,6,475,495,7,578,594,
19618,1,626,627,2,608,591,3,516,495,4,420,408,5,392,400,6,454,473,7,558,576,
19693,1,618,625,2,619,607,3,539,518,4,437,421,5,391,393,6,434,453,7,536,558,
19768,1,606,614,2,627,615,3,561,538,4,456,438,5,393,393,6,418,433,7,513,535,
19843,1,590,601,2,630,622,3,580,560,4,478,457,5,400,393,6,405,418,7,490,511,
19918,1,571,587,2,629,625,3,598,578,4,501,478,5,411,399,6,396,404,7,468,488,
19993,1,551,569,2,624,625,3,612,594,4,524,500,5,425,409,6,391,393,7,447,466,
20068,1,528,548,2,614,621,3,622,608,4,546,522,5,443,423,6,391,389,7,429,443,
20143,1,505,527,2,601,612,3,629,619,4,567,545,5,463,441,6,395,389,7,413,427,
20218,1,482,506,2,584,596,3,630,624,4,586,564,5,485,460,6,403,391,7,402,413,
20293,1,461,484,2,565,580,3,628,625,4,603,583,5,508,484,6,415,400,7,394,402,
20368,1,441,462,2,543,561,3,621,624,4,616,600,5,531,507,6,431,413,7,391,394,
20443,1,423,441,2,521,538,3,610,619,4,625,612,5,553,529,6,449,430,7,392,390,
20518,1,409,422,2,498,516,3,596,608,4,630,622,5,574,553,6,470,450,7,397,391,
20593,1,399,405,2,475,495,3,578,593,4,630,628,5,592,573,6,493,470,7,407,396,
20668,1,392,397,2,454,472,3,558,575,4,626,628,5,607,591,6,516,495,7,420,407,
20743,1,391,390,2,435,451,3,536,555,4,618,625,5,619,606,6,538,517,7,437,419,
20818,1,393,392,2,418,433,3,513,534,4,606,618,5,627,618,6,560,541,7,456,437,
20893,1,400,393,2,405,419,3,490,511,4,590,602,5,630,626,6,580,562,7,477,458,
20968,1,411,401,2,396,406,3,468,490,4,572,590,5,629,629,6,597,581,7,500,479,
21043,1,425,411,2,391,399,3,447,468,4,551,571,5,624,629,6,612,599,7,523,502,
21118,1,443,425,2,391,393,3,429,448,4,529,550,5,615,625,6,622,614,7,546,526,
21193,1,463,442,2,395,393,3,414,430,4,506,528,5,601,617,6,628,620,7,567,549,
21268,1,485,459,2,403,395,3,402,416,4,483,504,5,585,602,6,630,628,7,586,572,
21343,1,508,481,2,415,404,3,394,403,4,461,482,5,565,583,6,628,629,7,602,588,
21418,1,531,502,2,430,417,3,391,396,4,441,460,5,544,563,6,621,627,7,616,602,
21493,1,553,524,2,449,432,3,392,394,4,424,441,5,521,543,6,611,622,7,625,617,
21568,1,573,547,2,470,452,3,397,394,4,409,425,5,498,520,6,596,610,7,630,624,
21643,1,592,568,2,492,474,3,406,398,4,399,409,5,476,496,6,578,592,7,630,631,
21718,1,607,586,2,515,495,3,420,408,4,393,400,5,454,472,6,558,573,7,626,631,
21793,1,619,604,2,538,516,3,436,420,4,391,394,5,435,451,6,536,552,7,618,625,
21868,1,627,617,2,560,539,3,456,437,4,393,391,5,419,434,6,514,532,7,606,616,
21943,1,630,625,2,580,560,3,477,459,4,400,392,5,406,418,6,491,510,7,591,605,
22018,1,629,627,2,597,579,3,500,477,4,410,400,5,396,407,6,468,487,7,572,589,
22093,1,624,625,2,611,595,3,523,500,4,425,411,5,391,398,6,448,465,7,551,567,
22168,1,615,622,2,622,609,3,545,522,4,442,426,5,391,392,6,429,444,7,529,549,
22243,1,602,612,2,628,619,3,567,545,4,462,445,5,395,392,6,414,428,7,506,527,
22318,1,585,599,2,630,623,3,586,565,4,484,462,5,403,396,6,402,413,7,483,503,
22393,1,566,583,2,628,625,3,602,584,4,507,483,5,415,400,6,394,398,7,461,482,
22468,1,544,563,2,622,625,3,615,598,4,530,504,5,430,413,6,391,393,7,441,460,
22543,1,522,545,2,611,620,3,625,611,4,552,527,5,449,429,6,392,391,7,424,441,
22618,1,499,521,2,596,608,3,630,620,4,573,550,5,469,448,6,397,389,7,410,423,
22693,1,476,500,2,579,592,3,630,625,4,591,571,5,492,467,6,406,395,7,399,409,
22768,1,455,477,2,559,575,3,626,625,4,607,589,5,515,491,6,419,405,7,393,398,
22843,1,435,455,2,537,555,3,618,623,4,619,604,5,538,514,6,436,417,7,391,395,
22918,1,419,435,2,514,531,3,607,614,4,627,616,5,559,538,6,455,435,7,393,392,
22993,1,406,418,2,491,510,3,591,604,4,630,625,5,579,559,6,477,456,7,399,392,
23068,1,397,403,2,469,488,3,573,589,4,629,628,5,597,579,6,499,479,7,410,397,
23143,1,391,396,2,448,468,3,552,571,4,624,629,5,611,597,6,522,502,7,424,413,
23218,1,391,390,2,430,449,3,530,551,4,615,625,5,622,611,6,545,524,7,442,427,
23293,1,394,391,2,414,430,3,507,529,4,602,612,5,628,620,6,566,546,7,462,441,
23368,1,402,394,2,402,415,3,484,508,4,585,602,5,630,626,6,585,567,7,484,464,
23443,1,414,402,2,394,404,3,462,484,4,566,583,5,628,628,6,602,585,7,507,487,
23518,1,430,415,2,391,397,3,442,463,4,545,564,5,622,628,6,615,601,7,530,507,
23593,1,448,430,2,391,393,3,424,444,4,522,544,5,611,622,6,624,616,7,552,532,
23668,1,469,446,2,397,393,3,410,426,4,499,523,5,597,613,6,630,627,7,573,558,
23743,1,491,466,2,406,397,3,399,413,4,476,499,5,579,598,6,630,627,7,591,577,
23818,1,514,488,2,419,408,3,393,400,4,455,475,5,559,579,6,627,628,7,607,595,
23893,1,537,509,2,436,422,3,391,395,4,436,454,5,537,557,6,619,625,7,619,608,
23968,1,559,532,2,455,439,3,393,394,4,419,436,5,515,537,6,607,620,7,627,621,
24043,1,579,553,2,476,458,3,399,394,4,406,420,5,492,514,6,591,605,7,630,625,
24118,1,597,574,2,499,480,3,410,399,4,397,405,5,469,490,6,573,588,7,630,631,
24193,1,611,594,2,522,500,3,424,411,4,392,397,5,449,465,6,552,568,7,624,631,
24268,1,622,610,2,544,522,3,442,424,4,391,392,5,430,447,6,530,548,7,615,625,
24343,1,628,621,2,566,545,3,462,445,4,394,391,5,415,427,6,507,526,7,602,614,
24418,1,630,625,2,585,567,3,483,465,4,402,392,5,403,415,6,484,505,7,586,602,
24493,1,628,628,2,602,583,3,506,484,4,414,402,5,395,404,6,462,481,7,566,584,
24568,1,622,627,2,615,601,3,529,508,4,430,414,5,391,397,6,442,461,7,545,564,
24643,1,611,621,2,624,613,3,552,529,4,448,432,5,391,393,6,425,441,7,522,542,
24718,1,597,608,2,629,620,3,572,552,4,469,449,5,396,393,6,410,423,7,499,520,
24793,1,580,595,2,630,625,3,591,571,4,491,467,5,406,394,6,399,406,7,477,498,
24868,1,560,577,2,627,626,3,606,588,4,514,490,5,419,403,6,393,396,7,455,473,
24943,1,538,559,2,619,625,3,618,603,4,537,512,5,435,418,6,391,392,7,436,453,
25018,1,515,539,2,607,616,3,626,614,4,559,537,5,454,434,6,393,392,7,420,433,
25093,1,492,516,2,592,604,3,630,621,4,579,557,5,476,451,6,399,391,7,406,418,
25168,1,470,493,2,573,589,3,630,625,4,596,576,5,498,473,6,410,396,7,397,403,
25243,1,449,471,2,553,569,3,625,625,4,611,594,5,521,496,6,424,408,7,392,397,
25318,1,430,449,2,530,548,3,615,624,4,621,608,5,544,518,6,441,422,7,391,392,
25393,1,415,431,2,507,526,3,602,612,4,628,618,5,565,543,6,461,440,7,394,392,
25468,1,403,411,2,485,503,3,586,599,4,630,626,5,585,566,6,483,462,7,402,392,
25543,1,395,401,2,463,482,3,567,584,4,628,628,5,601,583,6,506,485,7,414,401,
25618,1,391,393,2,443,460,3,545,566,4,622,628,5,615,601,6,529,509,7,429,415,
25693,1,391,390,2,425,441,3,523,543,4,612,621,5,624,614,6,551,530,7,448,430,
25768,1,396,391,2,410,426,3,500,521,4,597,611,5,629,622,6,572,554,7,468,450,
25843,1,405,396,2,400,410,3,477,500,4,580,595,5,630,628,6,590,573,7,490,469,
25918,1,418,406,2,393,401,3,456,477,4,560,577,5,627,628,6,606,590,7,513,491,
25993,1,435,419,2,391,395,3,436,456,4,538,559,5,619,627,6,618,606,7,536,514,
26068,1,454,435,2,393,393,3,420,437,4,515,538,5,607,620,6,626,621,7,558,538,
26143,1,475,453,2,399,394,3,406,421,4,492,515,5,592,608,6,630,625,7,578,559,
26218,1,498,473,2,409,399,3,397,409,4,470,491,5,574,592,6,630,627,7,596,581,
26293,1,521,493,2,423,410,3,392,400,4,449,470,5,553,574,6,625,632,7,610,598,
26368,1,544,516,2,441,425,3,391,398,4,431,449,5,531,551,6,616,625,7,621,614,
26443,1,565,537,2,461,444,3,394,394,4,415,430,5,508,529,6,603,617,7,628,624,
26518,1,584,560,2,483,467,3,402,395,4,403,415,5,485,507,6,586,602,7,630,628,
26593,1,601,580,2,505,486,3,414,402,4,395,403,5,463,483,6,567,584,7,629,631,
26668,1,614,598,2,528,505,3,429,413,4,391,394,5,443,460,6,546,564,7,622,631,
26743,1,624,612,2,551,528,3,447,429,4,391,388,5,425,440,6,523,541,7,612,624,
26818,1,629,623,2,572,551,3,468,447,4,396,391,5,411,423,6,500,517,7,598,613,
26893,1,630,627,2,590,571,3,490,470,4,405,396,5,400,411,6,478,498,7,580,599,
26968,1,627,629,2,606,589,3,513,491,4,418,405,5,393,400,6,456,476,7,560,577,
27043,1,619,625,2,618,604,3,536,514,4,435,420,5,391,396,6,437,455,7,539,559,
27118,1,608,617,2,626,615,3,558,536,4,454,436,5,392,393,6,420,435,7,516,538,
27193,1,592,605,2,630,622,3,578,557,4,475,454,5,399,393,6,407,419,7,493,513,
27268,1,574,590,2,630,626,3,596,577,4,497,474,5,409,398,6,397,406,7,471,490,
27343,1,553,572,2,625,627,3,610,594,4,520,496,5,423,407,6,392,396,7,450,469,
27418,1,531,552,2,616,623,3,621,606,4,543,518,5,441,421,6,391,389,7,431,447,
27493,1,508,532,2,603,613,3,628,617,4,565,540,5,460,439,6,394,389,7,415,429,
27568,1,485,509,2,587,599,3,630,623,4,584,563,5,482,458,6,402,389,7,403,413,
27643,1,464,486,2,568,583,3,629,625,4,601,582,5,505,481,6,413,400,7,395,403,
27718,1,443,464,2,546,564,3,622,625,4,614,599,5,528,505,6,429,412,7,391,396,
27793,1,426,443,2,524,540,3,612,620,4,624,612,5,550,528,6,447,428,7,391,392,
27868,1,411,424,2,501,518,3,598,610,4,629,621,5,571,550,6,467,446,7,396,390,
27943,1,400,409,2,478,499,3,581,595,4,630,627,5,590,571,6,490,467,7,405,395,
28018,1,393,397,2,457,475,3,561,578,4,627,628,5,606,589,6,512,491,7,418,403,
28093,1,391,392,2,437,455,3,539,558,4,619,626,5,618,604,6,535,512,7,434,418,
28168,1,392,392,2,420,435,3,516,537,4,608,618,5,626,616,6,557,535,7,453,436,
28243,1,399,392,2,407,421,3,493,514,4,593,606,5,630,624,6,578,558,7,474,456,
28318,1,409,399,2,397,408,3,471,492,4,574,590,5,630,628,6,595,578,7,497,473,
28393,1,423,410,2,392,399,3,450,470,4,554,572,5,625,628,6,610,594,7,520,498,
28468,1,440,423,2,391,394,3,431,451,4,532,553,5,616,625,6,621,610,7,543,521,
28543,1,460,440,2,394,393,3,416,432,4,509,531,5,603,614,6,628,621,7,564,548,
28618,1,482,458,2,401,395,3,403,418,4,486,508,5,587,603,6,630,628,7,584,566,
28693,1,504,479,2,413,401,3,395,405,4,464,485,5,568,588,6,629,630,7,600,585,
28768,1,527,500,2,428,415,3,391,399,4,444,464,5,547,567,6,623,628,7,614,601,
28843,1,550,522,2,446,430,3,391,395,4,426,444,5,524,547,6,612,623,7,624,614,
28918,1,571,545,2,467,451,3,396,394,4,411,426,5,501,522,6,598,611,7,629,624,
28993,1,589,567,2,489,471,3,405,396,4,400,411,5,479,500,6,581,597,7,630,631,
29068,1,605,585,2,512,493,3,418,405,4,393,400,5,457,476,6,561,577,7,627,631,
29143,1,618,602,2,535,512,3,434,418,4,391,394,5,438,454,6,540,554,7,620,627,
29218,1,626,617,2,557,536,3,453,434,4,392,388,5,421,435,6,517,535,7,608,623,
29293,1,630,624,2,577,557,3,474,453,4,398,392,5,407,419,6,494,512,7,593,606,
29368,1,630,628,2,595,575,3,497,474,4,409,400,5,397,407,6,471,489,7,575,591,
29443,1,625,627,2,610,594,3,520,496,4,423,410,5,392,398,6,450,468,7,554,573,
29518,1,616,624,2,621,608,3,542,519,4,440,425,5,391,393,6,432,447,7,532,550,
29593,1,604,614,2,628,618,3,564,542,4,460,441,5,394,392,6,416,430,7,509,529,
29668,1,587,601,2,630,624,3,583,563,4,481,460,5,401,393,6,404,415,7,486,503,
29743,1,568,584,2,629,626,3,600,581,4,504,479,5,413,399,6,395,402,7,464,483,
29818,1,547,567,2,623,626,3,614,597,4,527,502,5,428,411,6,391,392,7,444,460,
29893,1,525,547,2,613,621,3,624,610,4,549,525,5,446,426,6,391,389,7,426,442,
29968,1,502,525,2,599,610,3,629,620,4,570,547,5,467,445,6,396,389,7,411,425,
30043,1,479,502,2,581,595,3,630,624,4,589,567,5,489,464,6,405,393,7,400,411,
30118,1,457,481,2,562,577,3,627,624,4,605,587,5,512,488,6,417,403,7,393,401,
30193,1,438,458,2,540,558,3,620,625,4,617,601,5,534,511,6,434,415,7,391,395,
30268,1,421,437,2,517,536,3,608,618,4,626,614,5,556,532,6,452,432,7,392,392,
30343,1,407,420,2,494,512,3,593,605,4,630,624,5,577,555,6,474,452,7,398,392,
30418,1,398,404,2,472,491,3,575,591,4,630,628,5,595,576,6,496,474,7,408,396,
30493,1,392,396,2,451,469,3,555,571,4,625,628,5,609,593,6,519,498,7,422,408,
30568,1,391,392,2,432,449,3,533,552,4,616,625,5,621,608,6,542,519,7,439,423,
30643,1,394,391,2,416,430,3,510,530,4,604,614,5,628,620,6,563,543,7,459,441,
30718,1,401,395,2,404,416,3,487,509,4,588,600,5,630,626,6,583,562,7,481,460,
30793,1,413,401,2,395,404,3,465,486,4,569,586,5,629,627,6,600,582,7,504,482,
30868,1,428,413,2,391,397,3,444,465,4,548,569,5,623,627,6,614,599,7,527,503,
30943,1,446,429,2,391,393,3,427,445,4,525,547,5,613,624,6,623,614,7,549,529,
31018,1,466,445,2,396,393,3,412,429,4,502,524,5,599,614,6,629,625,7,570,551,
31093,1,488,465,2,404,396,3,401,414,4,479,502,5,582,601,6,630,628,7,589,574,
31168,1,511,484,2,417,404,3,393,403,4,458,478,5,562,582,6,627,627,7,605,590,
31243,1,534,506,2,433,421,3,391,395,4,438,457,5,540,560,6,620,627,7,617,605,
31318,1,556,528,2,452,435,3,392,394,4,421,438,5,518,539,6,609,621,7,626,619,
31393,1,576,551,2,473,456,3,398,394,4,408,421,5,495,517,6,594,607,7,630,625,
31468,1,594,572,2,496,478,3,408,398,4,398,408,5,472,493,6,576,592,7,630,631,
31543,1,609,590,2,519,499,3,422,409,4,392,398,5,451,468,6,555,571,7,625,631,
31618,1,620,607,2,541,520,3,439,421,4,391,392,5,432,448,6,533,549,7,617,625,
31693,1,628,620,2,563,541,3,459,439,4,394,389,5,416,429,6,510,527,7,604,616,
31768,1,630,627,2,583,563,3,480,459,4,401,394,5,404,414,6,487,506,7,588,603,
31843,1,629,628,2,600,583,3,503,483,4,412,401,5,395,404,6,465,481,7,569,587,
31918,1,623,627,2,613,599,3,526,503,4,427,411,5,391,396,6,445,459,7,548,565,
31993,1,613,621,2,623,611,3,549,526,4,445,426,5,391,391,6,427,440,7,526,545,
32068,1,599,610,2,629,620,3,570,548,4,466,446,5,396,392,6,412,426,7,503,525,
32143,1,582,597,2,630,626,3,588,568,4,488,465,5,404,396,6,401,411,7,480,500,
32218,1,562,581,2,627,627,3,604,586,4,511,488,5,417,403,6,393,400,7,458,477,
32293,1,541,561,2,620,626,3,617,601,4,534,510,5,433,416,6,391,392,7,439,456,
32368,1,518,540,2,609,618,3,626,613,4,556,532,5,452,430,6,392,387,7,422,436,
32443,1,495,520,2,594,606,3,630,621,4,576,552,5,473,449,6,398,388,7,408,419,
32518,1,473,497,2,576,591,3,630,625,4,594,575,5,495,473,6,408,396,7,398,407,
32593,1,452,475,2,556,572,3,626,625,4,609,592,5,518,494,6,422,405,7,392,397,
32668,1,433,453,2,533,550,3,617,625,4,620,606,5,541,517,6,439,421,7,391,392,
32743,1,417,433,2,511,528,3,604,614,4,627,618,5,563,540,6,458,439,7,393,392,
32818,1,404,415,2,488,507,3,588,602,4,630,625,5,582,562,6,480,458,7,401,392,
32893,1,395,403,2,466,485,3,569,585,4,629,628,5,599,580,6,503,480,7,412,399,
32968,1,391,394,2,445,461,3,548,565,4,623,628,5,613,597,6,526,504,7,427,413,
33043,1,391,391,2,427,442,3,526,545,4,613,622,5,623,611,6,548,526,7,445,428,
33118,1,395,391,2,412,427,3,503,523,4,599,612,5,629,621,6,569,548,7,465,443,
33193,1,404,395,2,401,412,3,480,502,4,582,597,5,630,628,6,588,570,7,487,469,
33268,1,417,405,2,394,402,3,459,479,4,563,581,5,628,629,6,604,590,7,510,489,
33343,1,432,419,2,391,396,3,439,459,4,541,562,5,620,628,6,617,604,7,533,513,
33418,1,451,432,2,392,393,3,422,439,4,519,539,5,609,620,6,625,616,7,555,536,
33493,1,472,448,2,398,393,3,408,424,4,496,519,5,594,609,6,630,627,7,576,559,
33568,1,495,469,2,408,399,3,398,411,4,473,496,5,576,594,6,630,630,7,594,578,
33643,1,518,490,2,421,409,3,392,400,4,452,472,5,556,575,6,626,629,7,609,599,
33718,1,540,513,2,438,423,3,391,395,4,433,452,5,534,555,6,617,627,7,620,610,
33793,1,562,535,2,458,441,3,393,395,4,417,433,5,511,533,6,605,614,7,627,623,
33868,1,582,557,2,480,463,3,401,394,4,404,417,5,488,509,6,589,603,7,630,625,
33943,1,599,577,2,502,484,3,412,401,4,396,403,5,466,486,6,570,587,7,629,631,
34018,1,613,595,2,525,502,3,427,413,4,391,396,5,446,463,6,549,566,7,623,629,
34093,1,623,611,2,548,525,3,445,426,4,391,389,5,427,444,6,526,544,7,613,624,
34168,1,629,622,2,569,548,3,465,446,4,395,389,5,412,424,6,503,519,7,600,612,
34243,1,630,625,2,588,566,3,487,463,4,404,393,5,401,411,6,481,497,7,583,599,
34318,1,628,625,2,604,585,3,510,485,4,416,402,5,394,398,6,459,398,7,563,398,
34423,1,621,398,2,617,398,3,533,398,4,432,398,5,391,398,6,439,398,7,542,398,
34640,1,609,398,2,625,398,3,555,398,4,451,398,5,392,398,6,422,398,7,519,398,
34857,1,595,398,2,630,398,3,575,398,4,472,398,5,398,398,6,408,398,7,496,398,