timestamp,id01,m01_gp,m01_pp,id02,m02_gp,m02_pp,id03,m03_gp,m03_pp,id04,m04_gp,m04_pp,id05,m05_gp,m05_pp,id06,m06_gp,m06_pp,id07,m07_gp,m07_pp,
2903,1,567,625,2,567,586,3,567,491,4,567,406,5,567,400,6,567,475,7,567,577,
2955,1,524,625,2,570,586,3,570,491,4,570,406,5,570,400,6,570,475,7,570,577,
3010,1,516,625,2,556,586,3,570,491,4,570,406,5,570,400,6,570,475,7,570,577,
3068,1,490,625,2,544,586,3,569,491,4,567,406,5,567,400,6,567,475,7,567,577,
3129,1,473,625,2,523,586,3,564,491,4,569,406,5,561,400,6,561,475,7,561,577,
3191,1,459,625,2,502,586,3,551,491,4,570,406,5,560,400,6,553,475,7,553,577,
3256,1,451,625,2,482,586,3,534,491,4,568,406,5,565,400,6,548,475,7,542,577,
3322,1,452,625,2,465,586,3,513,491,4,558,406,5,569,400,6,550,475,7,533,577,
3389,1,459,625,2,454,586,3,492,491,4,543,406,5,570,400,6,558,475,7,532,577,
3457,1,473,625,2,451,586,3,473,491,4,524,406,5,564,400,6,566,475,7,538,577,
3526,1,492,625,2,454,586,3,459,491,4,502,406,5,552,400,6,570,475,7,550,577,
3595,1,513,625,2,465,586,3,451,491,4,482,406,5,534,400,6,568,475,7,561,577,
3664,1,534,625,2,482,586,3,451,491,4,465,406,5,513,400,6,559,475,7,569,577,
3733,1,552,625,2,502,586,3,459,491,4,454,406,5,492,400,6,544,475,7,570,577,
3802,1,564,625,2,524,586,3,473,491,4,451,406,5,473,399,6,524,475,7,565,577,
3871,1,570,625,2,543,586,3,492,491,4,454,406,5,459,400,6,503,475,7,552,577,
3940,1,568,625,2,559,586,3,513,491,4,465,406,5,452,400,6,482,475,7,534,577,
4009,1,559,625,2,568,586,3,534,491,4,482,406,5,451,400,6,466,475,7,514,577,
4078,1,544,625,2,570,586,3,552,491,4,502,406,5,459,400,6,455,475,7,493,577,
4147,1,525,625,2,565,586,3,564,491,4,523,406,5,473,400,6,451,475,7,474,577,
4216,1,503,625,2,553,586,3,570,491,4,543,406,5,491,400,6,454,475,7,459,577,
4285,1,483,625,2,535,586,3,569,491,4,559,406,5,512,400,6,465,475,7,452,577,
4354,1,466,625,2,514,586,3,560,491,4,568,406,5,533,400,6,481,475,7,451,577,
4423,1,455,625,2,493,586,3,544,491,4,570,406,5,551,400,6,501,475,7,458,577,
4492,1,451,625,2,474,586,3,525,491,4,565,406,5,564,400,6,523,475,7,472,577,
4561,1,454,625,2,460,586,3,504,491,4,553,406,5,570,400,6,542,475,7,491,577,
4630,1,464,625,2,452,586,3,483,491,4,535,406,5,569,400,6,558,475,7,512,577,
4699,1,481,625,2,451,586,3,466,491,4,515,406,5,560,400,6,568,475,7,533,577,
4768,1,501,625,2,458,586,3,455,491,4,493,406,5,545,400,6,570,475,7,551,577,
4837,1,522,625,2,472,586,3,451,491,4,474,406,5,525,400,6,565,475,7,564,577,
4906,1,542,625,2,490,586,3,454,491,4,460,406,5,504,400,6,553,475,7,570,577,
4975,1,558,625,2,511,586,3,464,491,4,452,406,5,484,400,6,536,475,7,569,577,
5044,1,568,625,2,532,586,3,480,491,4,451,406,5,467,400,6,515,475,7,560,577,
5119,1,570,617,2,550,540,3,500,474,4,458,437,5,455,426,6,494,506,7,545,558,
5194,1,565,594,2,564,540,3,522,496,4,471,460,5,451,461,6,475,495,7,526,540,
5269,1,554,573,2,570,573,3,542,530,4,490,475,5,454,456,6,460,474,7,505,527,
5344,1,536,551,2,569,566,3,558,540,4,511,488,5,464,451,6,452,457,7,484,503,
5419,1,516,536,2,560,567,3,568,556,4,532,511,5,480,460,6,451,449,7,467,482,
5494,1,494,516,2,546,558,3,570,566,4,550,530,5,500,479,6,458,449,7,455,464,
5569,1,475,497,2,526,542,3,566,567,4,563,547,5,521,496,6,471,455,7,451,453,
5644,1,460,477,2,505,522,3,554,565,4,570,561,5,541,520,6,489,470,7,453,451,
5719,1,452,458,2,485,501,3,537,552,4,569,568,5,557,539,6,510,488,7,464,452,
5794,1,451,448,2,467,482,3,516,533,4,561,568,5,568,556,6,531,510,7,480,460,
5869,1,458,452,2,455,465,3,495,513,4,546,560,5,570,566,6,550,531,7,500,480,
5944,1,471,459,2,451,456,3,476,495,4,527,545,5,566,571,6,563,552,7,521,500,
6019,1,489,470,2,453,453,3,461,477,4,506,526,5,554,567,6,570,567,7,541,522,
6094,1,510,488,2,463,454,3,452,463,4,485,504,5,537,554,6,569,567,7,557,545,
6169,1,531,507,2,479,464,3,451,455,4,468,483,5,517,534,6,561,567,7,567,559,
6244,1,549,527,2,499,483,3,457,453,4,456,467,5,495,515,6,546,558,7,570,568,
6319,1,563,549,2,520,503,3,470,457,4,451,457,5,476,494,6,527,545,7,566,572,
6394,1,570,563,2,540,518,3,489,469,4,453,451,5,461,472,6,506,524,7,555,566,
6469,1,569,569,2,557,540,3,509,489,4,463,451,5,452,459,6,485,502,7,537,558,
6544,1,561,569,2,567,557,3,531,509,4,479,464,5,451,451,6,468,481,7,517,536,
6619,1,547,559,2,570,565,3,549,531,4,499,479,5,457,450,6,456,464,7,496,514,
6694,1,528,546,2,566,567,3,563,548,4,520,499,5,470,454,6,451,452,7,476,494,
6769,1,507,527,2,555,564,3,570,560,4,540,518,5,488,467,6,453,450,7,461,472,
6844,1,486,508,2,538,551,3,569,567,4,556,539,5,509,487,6,463,450,7,452,460,
6919,1,468,488,2,517,533,3,561,568,4,567,553,5,530,508,6,478,461,7,451,453,
6994,1,456,467,2,496,513,3,547,559,4,570,564,5,549,529,6,498,477,7,457,451,
7069,1,451,452,2,477,492,3,528,545,4,566,568,5,562,547,6,519,498,7,470,456,
7144,1,453,451,2,461,475,3,507,525,4,555,568,5,570,561,6,540,520,7,488,470,
7219,1,462,453,2,452,461,3,486,506,4,538,552,5,569,570,6,556,543,7,509,489,
7294,1,478,463,2,451,453,3,469,486,4,518,537,5,562,570,6,567,558,7,530,510,
7369,1,498,477,2,457,452,3,456,470,4,497,518,5,547,562,6,570,568,7,548,532,
7444,1,519,495,2,469,457,3,451,458,4,477,496,5,529,547,6,567,569,7,562,550,
7519,1,539,515,2,487,470,3,453,453,4,462,475,5,507,527,6,555,567,7,570,564,
7594,1,556,537,2,508,492,3,462,455,4,453,462,5,487,506,6,539,554,7,569,573,
7669,1,567,553,2,529,509,3,478,461,4,451,452,5,469,485,6,518,537,7,562,572,
7744,1,570,568,2,548,529,3,497,478,4,456,449,5,456,467,6,497,515,7,548,564,
7819,1,567,569,2,562,548,3,519,497,4,469,458,5,451,455,6,477,495,7,529,548,
7894,1,556,564,2,570,561,3,539,519,4,487,469,5,453,451,6,462,475,7,508,527,
7969,1,539,552,2,570,567,3,556,538,4,508,486,5,462,451,6,453,460,7,487,503,
8044,1,519,538,2,562,567,3,567,554,4,529,508,5,477,459,6,451,449,7,469,486,
8119,1,498,519,2,548,561,3,570,563,4,548,527,5,497,474,6,456,448,7,457,467,
8194,1,478,499,2,530,545,3,567,567,4,562,546,5,518,495,6,469,453,7,451,456,
8269,1,462,477,2,508,526,3,556,567,4,569,560,5,538,517,6,486,467,7,453,449,
8344,1,453,459,2,488,506,3,540,555,4,570,568,5,555,538,6,507,486,7,462,452,
8419,1,451,449,2,470,485,3,519,538,4,562,568,5,566,555,6,528,508,7,477,460,
8494,1,456,451,2,457,470,3,498,518,4,549,562,5,570,566,6,547,528,7,496,477,
8569,1,468,455,2,451,458,3,478,498,4,530,548,5,567,571,6,562,548,7,518,497,
8644,1,486,467,2,452,453,3,463,479,4,509,528,5,556,567,6,569,562,7,538,521,
8719,1,507,482,2,461,452,3,453,464,4,488,507,5,540,555,6,570,570,7,555,538,
8794,1,528,503,2,476,463,3,451,455,4,470,487,5,520,539,6,563,571,7,566,559,
8869,1,547,525,2,496,479,3,456,454,4,457,470,5,498,518,6,549,562,7,570,566,
8944,1,561,547,2,517,499,3,468,455,4,451,457,5,479,496,6,530,548,7,567,569,
9019,1,569,561,2,538,517,3,486,466,4,452,451,5,463,476,6,509,528,7,557,568,
9094,1,570,569,2,555,539,3,506,488,4,461,451,5,453,461,6,488,506,7,540,558,
9169,1,563,569,2,566,554,3,527,506,4,476,462,5,451,453,6,470,485,7,520,538,
9244,1,549,560,2,570,564,3,546,527,4,495,475,5,456,450,6,457,467,7,499,520,
9319,1,531,548,2,567,567,3,561,545,4,517,495,5,468,453,6,451,453,7,479,498,
9394,1,510,530,2,557,566,3,569,559,4,537,516,5,485,465,6,452,449,7,463,477,
9469,1,489,510,2,541,555,3,570,566,4,554,536,5,506,484,6,461,449,7,453,460,
9544,1,471,489,2,521,537,3,563,566,4,566,552,5,527,504,6,476,458,7,451,453,
9619,1,457,470,2,499,517,3,550,562,4,570,564,5,546,527,6,495,476,7,455,451,
9694,1,451,455,2,479,497,3,531,548,4,567,568,5,561,545,6,516,495,7,467,453,
9769,1,452,451,2,463,477,3,510,528,4,557,565,5,569,560,6,537,516,7,485,466,
9844,1,460,452,2,453,461,3,489,509,4,541,556,5,570,567,6,554,538,7,505,487,
9919,1,475,459,2,451,453,3,471,489,4,521,540,5,563,571,6,566,557,7,526,505,
9994,1,494,474,2,455,453,3,458,472,4,500,520,5,550,563,6,570,567,7,546,528,
10069,1,516,492,2,467,454,3,451,460,4,480,499,5,532,551,6,568,568,7,560,548,
10144,1,536,511,2,484,469,3,452,453,4,464,479,5,511,531,6,558,568,7,569,559,
10219,1,554,535,2,505,488,3,460,455,4,454,465,5,490,511,6,542,558,7,570,573,
10294,1,565,553,2,526,508,3,475,460,4,451,454,5,471,489,6,522,539,7,564,572,
10369,1,570,565,2,545,525,3,494,473,4,455,449,5,458,468,6,500,518,7,550,565,
10444,1,568,568,2,560,545,3,515,494,4,467,453,5,451,456,6,480,496,7,532,549,
10519,1,558,567,2,569,559,3,536,513,4,484,467,5,452,451,6,464,477,7,511,529,
10594,1,542,557,2,570,565,3,553,536,4,504,483,5,460,451,6,454,461,7,490,510,
10669,1,522,540,2,564,566,3,565,551,4,526,504,5,474,458,6,451,450,7,472,488,
10744,1,501,522,2,551,562,3,570,562,4,545,525,5,494,472,6,455,448,7,458,472,
10819,1,481,501,2,533,548,3,568,567,4,560,544,5,515,494,6,466,453,7,451,456,
10894,1,464,481,2,512,528,3,558,567,4,569,559,5,535,514,6,483,465,7,452,450,
10969,1,454,463,2,491,509,3,542,556,4,570,567,5,553,534,6,504,481,7,460,452,
11044,1,451,449,2,472,486,3,523,539,4,564,568,5,565,553,6,525,505,7,474,459,
11119,1,455,449,2,458,471,3,501,521,4,551,565,5,570,566,6,545,526,7,493,473,
11194,1,466,456,2,451,459,3,481,502,4,533,551,5,568,571,6,560,549,7,514,497,
11269,1,483,466,2,452,452,3,465,481,4,512,531,5,558,567,6,569,558,7,535,515,
11344,1,503,481,2,459,452,3,454,466,4,491,510,5,543,557,6,570,569,7,553,538,
11419,1,525,500,2,474,459,3,451,456,4,472,490,5,523,543,6,564,571,7,565,558,
11494,1,544,521,2,493,478,3,455,454,4,459,471,5,502,522,6,551,564,7,570,565,
11569,1,559,541,2,514,497,3,466,455,4,451,459,5,482,501,6,533,550,7,568,572,
11644,1,568,558,2,535,513,3,483,465,4,452,451,5,465,480,6,513,530,7,559,568,
11719,1,570,568,2,552,536,3,503,483,4,459,450,5,454,463,6,492,510,7,543,559,
11794,1,564,568,2,565,551,3,524,503,4,473,460,5,451,454,6,473,489,7,524,542,
11869,1,552,562,2,570,563,3,544,524,4,492,472,5,454,451,6,459,469,7,502,522,
11944,1,534,551,2,568,566,3,559,544,4,513,492,5,465,451,6,451,458,7,482,499,
12019,1,513,534,2,559,566,3,568,557,4,534,513,5,482,463,6,451,446,7,465,480,
12094,1,492,513,2,544,557,3,570,564,4,552,532,5,502,480,6,459,449,7,454,462,
12169,1,473,492,2,524,540,3,565,566,4,565,551,5,524,500,6,473,457,7,451,454,
12244,1,459,473,2,503,518,3,552,564,4,570,563,5,543,523,6,492,472,7,454,451,
12319,1,452,457,2,482,501,3,534,551,4,568,568,5,559,542,6,513,492,7,465,453,
12394,1,451,447,2,466,479,3,514,531,4,559,568,5,568,558,6,534,513,7,482,464,
12469,1,459,452,2,455,465,3,492,512,4,544,558,5,570,566,6,552,534,7,502,482,
12544,1,473,459,2,451,456,3,474,492,4,524,543,5,565,571,6,564,553,7,523,504,
12619,1,491,473,2,454,452,3,459,474,4,503,523,5,552,565,6,570,567,7,543,524,
12694,1,512,490,2,465,453,3,452,460,4,483,502,5,535,553,6,569,568,7,559,547,
12769,1,533,508,2,481,466,3,451,455,4,466,482,5,514,533,6,560,568,7,568,559,
12844,1,551,530,2,501,485,3,459,454,4,455,466,5,493,513,6,544,558,7,570,572,
12919,1,564,550,2,523,506,3,472,459,4,451,455,5,474,492,6,525,542,7,565,572,
12994,1,570,563,2,543,523,3,491,470,4,454,451,5,460,470,6,504,522,7,553,565,
13069,1,569,568,2,558,543,3,512,491,4,465,452,5,452,458,6,483,500,7,535,550,
13144,1,560,568,2,568,557,3,533,511,4,481,465,5,451,453,6,466,479,7,515,533,
13219,1,545,559,2,570,566,3,551,533,4,501,481,5,458,451,6,455,465,7,493,513,
13294,1,525,544,2,565,566,3,564,548,4,522,501,5,472,455,6,451,453,7,474,491,
13369,1,504,524,2,553,563,3,570,560,4,542,520,5,490,470,6,454,448,7,460,472,
13444,1,484,503,2,536,548,3,569,565,4,558,540,5,511,488,6,464,451,7,452,460,
13519,1,467,484,2,515,531,3,560,566,4,568,555,5,532,510,6,480,461,7,451,453,
13594,1,455,467,2,494,512,3,545,559,4,570,567,5,551,532,6,501,480,7,458,451,
13669,1,451,449,2,475,491,3,526,543,4,565,568,5,564,551,6,522,502,7,472,457,
13744,1,454,451,2,460,473,3,505,522,4,553,564,5,570,562,6,542,522,7,490,472,
13819,1,464,454,2,452,460,3,484,504,4,536,552,5,569,567,6,558,543,7,511,490,
13894,1,480,466,2,451,453,3,467,483,4,515,534,5,560,570,6,568,560,7,532,513,
13969,1,500,479,2,458,452,3,455,468,4,494,515,5,546,560,6,570,570,7,550,534,
14044,1,521,498,2,471,459,3,451,457,4,475,492,5,526,547,6,566,570,7,563,551,
14119,1,541,518,2,490,474,3,453,453,4,460,474,5,505,525,6,554,567,7,570,564,
14194,1,557,539,2,511,495,3,464,454,4,452,460,5,484,504,6,537,553,7,569,572,
14269,1,568,556,2,532,512,3,480,462,4,451,452,5,467,482,6,516,535,7,561,568,
14344,1,570,569,2,550,533,3,500,480,4,458,449,5,455,464,6,495,513,7,546,560,
14419,1,566,569,2,563,549,3,521,497,4,471,457,5,451,454,6,475,491,7,527,545,
14494,1,554,564,2,570,561,3,541,520,4,489,470,5,453,450,6,461,471,7,505,526,
14569,1,537,552,2,569,566,3,557,540,4,510,488,5,463,450,6,452,459,7,485,503,
14644,1,516,536,2,561,566,3,567,554,4,531,509,5,479,460,6,451,448,7,468,483,
14719,1,495,515,2,546,559,3,570,563,4,550,528,5,499,477,6,457,448,7,456,466,
14794,1,476,496,2,527,543,3,566,566,4,563,547,5,521,496,6,470,454,7,451,456,
14869,1,461,475,2,506,523,3,554,566,4,570,561,5,541,518,6,489,469,7,453,449,
14944,1,452,457,2,485,502,3,537,553,4,569,568,5,557,540,6,510,488,7,463,452,
15019,1,451,448,2,468,482,3,517,534,4,561,570,5,567,556,6,531,511,7,479,460,
15094,1,457,451,2,456,468,3,496,515,4,547,560,5,570,566,6,549,532,7,499,480,
15169,1,470,458,2,451,456,3,476,496,4,528,546,5,566,571,6,563,550,7,520,499,
15244,1,488,469,2,453,453,3,461,476,4,506,527,5,555,566,6,570,567,7,540,522,
15319,1,509,486,2,463,453,3,452,462,4,486,504,5,538,555,6,569,567,7,557,542,
15394,1,530,506,2,478,464,3,451,455,4,468,485,5,517,537,6,561,568,7,567,559,
15469,1,549,526,2,498,482,3,457,453,4,456,469,5,496,516,6,547,561,7,570,568,
15544,1,563,547,2,520,502,3,470,456,4,451,457,5,477,494,6,528,545,7,566,572,
15619,1,570,562,2,540,520,3,488,468,4,453,450,5,461,473,6,507,525,7,555,566,
15694,1,569,569,2,556,540,3,509,488,4,462,451,5,452,459,6,486,504,7,538,558,
15769,1,562,569,2,567,555,3,530,508,4,478,463,5,451,451,6,468,483,7,518,538,
15844,1,547,560,2,570,565,3,548,530,4,498,478,5,457,450,6,456,465,7,497,514,
15919,1,529,546,2,566,566,3,562,547,4,519,497,5,469,454,6,451,452,7,477,495,
15994,1,507,527,2,555,564,3,570,559,4,539,516,5,487,465,6,453,450,7,462,473,
16069,1,487,509,2,539,551,3,569,566,4,556,536,5,508,484,6,462,450,7,453,460,
16144,1,469,487,2,518,534,3,562,567,4,567,553,5,529,506,6,478,459,7,451,453,
16219,1,456,468,2,497,514,3,548,561,4,570,564,5,548,527,6,497,477,7,457,451,
16294,1,451,453,2,477,494,3,529,546,4,567,568,5,562,547,6,519,497,7,469,456,
16369,1,453,452,2,462,475,3,508,527,4,556,568,5,570,562,6,539,520,7,487,469,
16444,1,462,451,2,453,461,3,487,506,4,539,553,5,570,570,6,556,539,7,508,489,
16519,1,477,462,2,451,454,3,469,487,4,519,538,5,562,571,6,567,556,7,529,511,
16594,1,497,476,2,456,453,3,457,470,4,497,518,5,548,562,6,570,570,7,548,532,
16669,1,518,493,2,469,456,3,451,459,4,478,496,5,529,549,6,567,570,7,562,550,
16744,1,539,513,2,486,471,3,453,454,4,462,477,5,508,527,6,556,567,7,569,564,
16819,1,555,536,2,507,489,3,462,454,4,453,463,5,487,508,6,539,556,7,570,573,
16894,1,566,552,2,528,510,3,477,461,4,451,453,5,470,485,6,519,537,7,562,568,
16969,1,570,567,2,547,528,3,496,476,4,456,449,5,457,468,6,498,517,7,549,564,
17044,1,567,568,2,562,546,3,518,496,4,468,458,5,451,457,6,478,495,7,530,548,
17119,1,556,564,2,569,561,3,538,517,4,486,469,5,452,451,6,463,475,7,509,529,
17194,1,540,553,2,570,566,3,555,537,4,507,486,5,461,450,6,453,461,7,488,504,
17269,1,520,538,2,563,566,3,566,553,4,528,506,5,477,458,6,451,449,7,470,487,
17344,1,498,520,2,549,561,3,570,562,4,547,526,5,496,473,6,456,448,7,457,468,
17419,1,479,499,2,530,545,3,567,566,4,561,545,5,517,494,6,468,452,7,451,457,
17494,1,463,477,2,509,525,3,557,566,4,569,559,5,538,517,6,486,467,7,452,449,
17569,1,453,462,2,488,507,3,540,555,4,570,567,5,555,538,6,506,486,7,461,452,
17644,1,451,448,2,470,485,3,520,538,4,563,570,5,566,555,6,528,507,7,476,460,
17719,1,456,451,2,457,469,3,499,518,4,549,563,5,570,566,6,547,529,7,495,474,
17794,1,468,456,2,451,457,3,479,498,4,531,547,5,567,571,6,561,548,7,517,497,
17869,1,485,467,2,452,453,3,463,479,4,510,530,5,557,567,6,569,563,7,537,521,
17944,1,506,482,2,461,453,3,453,465,4,489,509,5,541,557,6,570,571,7,554,538,
18019,1,527,501,2,476,461,3,451,455,4,471,488,5,521,540,6,563,569,7,566,558,
18094,1,546,524,2,495,480,3,456,454,4,457,471,5,499,518,6,550,562,7,570,566,
18169,1,561,545,2,516,498,3,467,456,4,451,458,5,479,500,6,531,550,7,567,572,
18244,1,569,560,2,537,516,3,485,465,4,452,451,5,463,476,6,510,529,7,557,568,
18319,1,570,569,2,554,538,3,505,484,4,461,449,5,453,460,6,489,508,7,541,558,
18394,1,563,569,2,566,553,3,527,504,4,475,461,5,451,453,6,471,487,7,521,538,
18469,1,550,561,2,570,564,3,546,526,4,495,474,5,455,450,6,458,469,7,500,520,
18544,1,532,549,2,568,566,3,561,545,4,516,495,5,467,453,6,451,456,7,480,498,
18619,1,511,531,2,557,566,3,569,558,4,536,515,5,484,464,6,452,447,7,464,478,
18694,1,490,511,2,541,554,3,570,565,4,554,534,5,505,482,6,460,449,7,454,462,
18769,1,471,490,2,522,537,3,563,566,4,566,552,5,526,503,6,475,458,7,451,454,
18844,1,458,471,2,500,517,3,550,562,4,570,564,5,545,526,6,494,474,7,455,449,
18919,1,451,454,2,480,498,3,532,548,4,568,568,5,560,543,6,515,494,7,467,453,
18994,1,452,451,2,464,478,3,511,528,4,558,568,5,569,559,6,536,516,7,484,466,
19069,1,460,452,2,454,463,3,490,510,4,542,557,5,570,567,6,553,536,7,504,487,
19144,1,475,460,2,451,454,3,472,489,4,522,540,5,564,571,6,565,554,7,526,503,
19219,1,494,474,2,455,453,3,458,472,4,501,521,5,551,563,6,570,566,7,545,527,
19294,1,515,491,2,466,455,3,451,460,4,481,500,5,533,551,6,568,571,7,560,547,
19369,1,536,512,2,483,467,3,452,454,4,464,479,5,512,531,6,558,568,7,569,560,
19444,1,553,533,2,504,487,3,460,454,4,454,463,5,491,510,6,542,557,7,570,573,
19519,1,565,551,2,525,506,3,474,460,4,451,453,5,472,488,6,522,539,7,564,568,
19594,1,570,565,2,545,525,3,493,473,4,455,450,5,458,470,6,501,519,7,551,565,
19669,1,568,568,2,560,545,3,514,492,4,466,453,5,451,456,6,481,498,7,533,550,
19744,1,558,567,2,569,559,3,535,513,4,483,466,5,452,450,6,465,478,7,512,530,
19819,1,543,556,2,570,566,3,553,535,4,503,483,5,460,451,6,454,464,7,491,511,
19894,1,523,540,2,564,566,3,565,551,4,525,503,5,474,458,6,451,451,7,472,490,
19969,1,502,522,2,551,563,3,570,562,4,544,524,5,493,472,6,455,447,7,459,471,
20044,1,481,502,2,533,548,3,568,567,4,559,541,5,514,491,6,466,452,7,451,459,
20119,1,465,482,2,513,529,3,559,567,4,569,557,5,535,511,6,483,464,7,452,449,
20194,1,454,463,2,491,509,3,543,557,4,570,567,5,552,533,6,503,480,7,459,451,
20269,1,451,451,2,473,487,3,523,541,4,564,568,5,565,551,6,524,503,7,473,457,
20344,1,454,451,2,459,471,3,502,519,4,552,563,5,570,563,6,544,524,7,492,472,
20419,1,466,453,2,451,459,3,482,501,4,534,551,5,568,569,6,559,544,7,513,492,
20494,1,482,465,2,451,452,3,465,482,4,513,532,5,559,570,6,568,561,7,534,513,
20569,1,503,481,2,459,452,3,454,465,4,492,511,5,543,559,6,570,571,7,552,537,
20644,1,524,500,2,473,459,3,451,456,4,473,491,5,524,542,6,565,570,7,565,558,
20719,1,543,521,2,492,477,3,454,453,4,459,472,5,503,522,6,552,565,7,570,565,
20794,1,559,541,2,513,496,3,465,455,4,451,459,5,482,502,6,534,551,7,568,572,
20869,1,568,558,2,534,512,3,482,462,4,451,450,5,465,480,6,513,532,7,559,568,
20944,1,570,569,2,552,536,3,502,482,4,459,449,5,454,462,6,492,509,7,544,559,
21019,1,565,569,2,564,551,3,523,501,4,473,460,5,451,454,6,473,489,7,524,542,
21094,1,552,563,2,570,562,3,543,523,4,491,472,5,454,451,6,459,470,7,503,522,
21169,1,535,551,2,569,566,3,559,543,4,513,491,5,465,450,6,452,457,7,483,502,
21244,1,514,534,2,559,566,3,568,557,4,533,512,5,481,462,6,451,449,7,466,481,
21319,1,493,514,2,544,557,3,570,565,4,551,532,5,502,480,6,459,449,7,455,463,
21394,1,474,493,2,525,540,3,565,567,4,564,549,5,523,500,6,472,457,7,451,454,
21469,1,460,475,2,503,521,3,553,564,4,570,562,5,543,521,6,491,470,7,454,449,
21544,1,452,457,2,483,500,3,535,549,4,569,568,5,558,541,6,512,490,7,465,453,
21619,1,451,451,2,466,481,3,514,533,4,560,568,5,568,556,6,533,512,7,481,464,
21694,1,458,452,2,455,465,3,493,512,4,545,560,5,570,567,6,551,534,7,501,482,
21769,1,472,458,2,451,455,3,474,492,4,525,543,5,565,572,6,564,553,7,522,502,
21844,1,491,470,2,454,453,3,460,474,4,504,524,5,553,566,6,570,568,7,542,522,
21919,1,512,488,2,464,453,3,452,462,4,483,503,5,536,553,6,569,568,7,558,545,
21994,1,533,509,2,481,465,3,451,455,4,466,482,5,515,533,6,560,568,7,568,559,
22069,1,551,528,2,501,485,3,458,453,4,455,465,5,494,513,6,545,558,7,570,572,
22144,1,564,549,2,522,505,3,472,457,4,451,454,5,475,492,6,526,544,7,565,572,
22219,1,570,564,2,542,522,3,490,470,4,454,449,5,460,473,6,504,524,7,553,565,
22294,1,569,569,2,558,542,3,511,490,4,464,452,5,452,458,6,484,500,7,536,552,
22369,1,560,568,2,568,557,3,532,510,4,480,464,5,451,451,6,467,480,7,515,535,
22444,1,545,559,2,570,566,3,550,532,4,500,479,5,458,451,6,455,466,7,494,513,
22519,1,526,544,2,566,566,3,563,549,4,522,500,5,471,456,6,451,452,7,475,492,
22594,1,505,525,2,554,565,3,570,560,4,541,521,5,490,468,6,454,448,7,460,473,
22669,1,484,506,2,536,550,3,569,567,4,558,540,5,511,489,6,464,451,7,452,460,
22744,1,467,486,2,516,531,3,561,567,4,568,556,5,532,510,6,480,461,7,451,452,
22819,1,455,466,2,495,512,3,546,559,4,570,565,5,550,530,6,500,478,7,458,450,
22894,1,451,452,2,475,492,3,527,545,4,566,569,5,563,550,6,521,500,7,471,457,
22969,1,453,452,2,461,474,3,505,525,4,554,567,5,570,565,6,541,523,7,489,472,
23044,1,463,452,2,452,461,3,485,505,4,537,553,5,569,570,6,557,545,7,510,490,
23119,1,479,463,2,451,453,3,467,484,4,516,536,5,561,567,6,567,557,7,531,513,
23194,1,499,477,2,457,452,3,456,468,4,495,515,5,546,562,6,570,569,7,550,532,
23269,1,521,497,2,471,458,3,451,459,4,476,495,5,527,546,6,566,571,7,563,551,
23344,1,541,518,2,489,472,3,453,454,4,461,475,5,506,526,6,554,566,7,570,565,
23419,1,557,538,2,510,494,3,463,454,4,452,461,5,485,505,6,537,554,7,569,572,
23494,1,567,556,2,531,512,3,479,461,4,451,452,5,468,484,6,517,536,7,561,571,
23569,1,570,568,2,549,532,3,499,479,4,457,449,5,456,465,6,495,514,7,547,560,
23644,1,566,568,2,563,548,3,520,498,4,470,455,5,451,455,6,476,492,7,527,545,
23719,1,555,565,2,570,561,3,540,519,4,488,470,5,453,451,6,461,474,7,506,525,
23794,1,538,552,2,569,567,3,557,540,4,509,489,5,463,451,6,452,459,7,486,503,
23869,1,517,536,2,561,566,3,567,556,4,530,509,5,479,460,6,451,449,7,468,482,
23944,1,496,518,2,547,560,3,570,563,4,549,527,5,498,477,6,457,448,7,456,466,
24019,1,476,497,2,528,544,3,566,566,4,563,547,5,520,498,6,470,455,7,451,456,
24094,1,461,476,2,507,523,3,555,566,4,570,562,5,540,518,6,488,469,7,453,449,
24169,1,452,459,2,486,505,3,538,554,4,569,569,5,556,540,6,509,488,7,463,452,
24244,1,451,447,2,468,484,3,518,537,4,562,569,5,567,556,6,530,511,7,478,460,
24319,1,457,451,2,456,468,3,496,516,4,547,561,5,570,566,6,549,530,7,498,479,
24394,1,470,457,2,451,456,3,477,496,4,528,546,5,566,572,6,562,551,7,519,499,
24469,1,487,469,2,453,453,3,462,477,4,507,527,5,555,566,6,570,565,7,539,521,
24544,1,508,486,2,462,454,3,453,465,4,486,506,5,539,555,6,569,568,7,556,541,
24619,1,529,504,2,478,463,3,451,456,4,469,485,5,518,539,6,562,568,7,567,559,
24694,1,548,525,2,497,482,3,457,454,4,456,467,5,497,516,6,548,560,7,570,568,
24769,1,562,547,2,519,500,3,469,457,4,451,457,5,477,495,6,529,546,7,567,568,
24844,1,570,561,2,539,518,3,487,467,4,453,450,5,462,472,6,508,525,7,556,568,
24919,1,570,570,2,556,539,3,508,486,4,462,451,5,453,458,6,487,503,7,539,558,
24994,1,562,569,2,567,555,3,529,507,4,477,461,5,451,453,6,469,483,7,519,538,
25069,1,548,560,2,570,564,3,548,528,4,497,476,5,456,451,6,457,467,7,497,519,
25144,1,529,547,2,567,566,3,562,546,4,518,497,5,469,453,6,451,456,7,478,495,
25219,1,508,528,2,556,565,3,569,558,4,539,516,5,487,467,6,453,448,7,462,473,
25294,1,487,509,2,539,554,3,570,565,4,555,537,5,507,485,6,462,450,7,453,460,
25369,1,469,487,2,519,533,3,562,567,4,566,553,5,529,506,6,477,460,7,451,453,
25444,1,457,467,2,498,515,3,548,561,4,570,564,5,547,528,6,497,476,7,456,451,
25519,1,451,454,2,478,496,3,530,546,4,567,568,5,562,547,6,518,498,7,469,453,
25594,1,452,449,2,462,475,3,509,528,4,556,567,5,569,562,6,538,519,7,486,469,
25669,1,461,451,2,453,461,3,488,509,4,540,555,5,570,571,6,555,541,7,507,488,
25744,1,477,460,2,451,454,3,470,488,4,520,540,5,563,570,6,566,557,7,528,507,
25819,1,496,475,2,456,453,3,457,471,4,498,519,5,549,563,6,570,567,7,547,529,
25894,1,517,493,2,468,456,3,451,459,4,478,497,5,530,549,6,567,570,7,561,549,
25969,1,538,513,2,486,470,3,452,454,4,463,477,5,509,528,6,557,567,7,569,564,
26044,1,555,535,2,506,491,3,461,454,4,453,462,5,488,508,6,540,556,7,570,573,
26119,1,566,552,2,528,508,3,476,461,4,451,452,5,470,486,6,520,538,7,563,569,
26194,1,570,568,2,547,527,3,496,474,4,456,449,5,457,467,6,499,518,7,549,565,
26269,1,567,569,2,561,547,3,517,496,4,468,454,5,451,455,6,479,496,7,531,548,
26344,1,557,564,2,569,560,3,537,516,4,485,470,5,452,451,6,463,477,7,510,529,
26419,1,541,553,2,570,566,3,554,537,4,506,484,5,461,451,6,453,462,7,489,505,
26494,1,520,539,2,563,567,3,566,552,4,527,504,5,476,457,6,451,449,7,470,488,
26569,1,499,521,2,549,561,3,570,562,4,546,526,5,495,473,6,456,449,7,457,468,
26644,1,479,499,2,531,546,3,567,567,4,561,545,5,516,494,6,468,453,7,451,456,
26719,1,463,477,2,510,527,3,557,567,4,569,559,5,537,513,6,485,466,7,452,449,
26794,1,453,462,2,489,507,3,541,555,4,570,567,5,554,534,6,505,483,7,461,451,
26869,1,451,449,2,471,485,3,521,538,4,563,568,5,566,553,6,527,506,7,475,460,
26944,1,455,452,2,458,469,3,500,517,4,550,562,5,570,564,6,546,527,7,495,476,
27019,1,467,454,2,451,458,3,480,498,4,532,549,5,568,570,6,561,547,7,516,498,
27094,1,484,466,2,452,452,3,464,480,4,511,530,5,557,569,6,569,564,7,537,521,
27169,1,505,484,2,460,452,3,453,466,4,490,510,5,541,557,6,570,569,7,554,538,
27244,1,526,502,2,475,460,3,451,455,4,471,489,5,521,540,6,563,569,7,566,558,
27319,1,546,522,2,494,479,3,455,453,4,458,470,5,500,518,6,550,561,7,570,566,
27394,1,560,545,2,515,498,3,467,454,4,451,458,5,480,497,6,532,549,7,568,572,
27469,1,569,560,2,536,514,3,484,464,4,452,450,5,464,476,6,511,529,7,558,568,
27544,1,570,570,2,553,536,3,505,484,4,460,450,5,454,462,6,490,507,7,542,559,
27619,1,564,569,2,565,551,3,526,504,4,475,460,5,451,454,6,472,487,7,522,542,
27694,1,551,562,2,570,563,3,545,526,4,494,474,5,455,450,6,458,469,7,501,521,
27769,1,532,550,2,568,566,3,560,544,4,515,494,5,467,451,6,451,456,7,480,499,
27844,1,511,532,2,558,566,3,569,557,4,536,514,5,484,465,6,452,447,7,464,477,
27919,1,490,511,2,542,556,3,570,566,4,553,534,5,504,481,6,460,448,7,454,460,
27994,1,472,490,2,522,538,3,564,567,4,565,551,5,525,502,6,474,457,7,451,454,
28069,1,458,470,2,501,517,3,551,563,4,570,563,5,545,524,6,493,473,7,455,449,
28144,1,451,455,2,481,499,3,533,548,4,568,568,5,560,544,6,515,492,7,466,453,
28219,1,452,448,2,465,478,3,512,532,4,558,568,5,569,560,6,535,517,7,483,464,
28294,1,460,452,2,454,465,3,491,511,4,543,557,5,570,570,6,553,538,7,504,487,
28369,1,474,459,2,451,455,3,472,491,4,523,541,5,564,570,6,565,556,7,525,503,
28444,1,493,474,2,455,453,3,459,472,4,501,522,5,551,564,6,570,567,7,544,527,
28519,1,514,490,2,466,455,3,451,461,4,481,500,5,533,553,6,568,568,7,560,546,
28594,1,535,511,2,483,468,3,452,454,4,465,479,5,512,531,6,559,568,7,569,560,
28669,1,552,532,2,503,486,3,459,454,4,454,464,5,491,510,6,543,558,7,570,573,
28744,1,565,550,2,524,506,3,474,458,4,451,453,5,473,489,6,523,539,7,564,568,
28819,1,570,565,2,544,524,3,492,473,4,455,448,5,459,468,6,502,518,7,552,565,
28894,1,568,569,2,559,544,3,514,492,4,466,453,5,451,458,6,482,498,7,534,550,
28969,1,559,567,2,568,558,3,534,513,4,482,469,5,452,451,6,465,480,7,513,532,
29044,1,543,557,2,570,566,3,552,534,4,503,481,5,459,450,6,454,462,7,492,512,
29119,1,524,541,2,565,566,3,565,549,4,524,502,5,473,456,6,451,450,7,473,490,
29194,1,502,522,2,552,564,3,570,562,4,544,522,5,492,470,6,454,449,7,459,472,
29269,1,482,503,2,534,549,3,568,567,4,559,543,5,513,491,6,465,450,7,451,459,
29344,1,465,481,2,513,529,3,559,567,4,568,557,5,534,511,6,482,462,7,451,449,
29419,1,454,464,2,492,510,3,544,557,4,570,565,5,552,533,6,502,481,7,459,449,
29494,1,451,449,2,473,488,3,524,543,4,565,570,5,564,553,6,524,502,7,473,458,
29569,1,454,451,2,459,473,3,503,522,4,552,565,5,570,566,6,543,527,7,492,473,
29644,1,465,454,2,452,459,3,483,503,4,535,551,5,568,569,6,559,547,7,513,494,
29719,1,482,465,2,451,453,3,466,483,4,514,534,5,559,567,6,568,558,7,534,514,
29794,1,502,480,2,459,453,3,455,467,4,493,513,5,544,559,6,570,571,7,551,536,
29869,1,523,499,2,472,459,3,451,457,4,474,494,5,525,544,6,565,571,7,564,554,
29944,1,543,521,2,491,474,3,454,455,4,459,473,5,503,524,6,553,566,7,570,565,
30019,1,558,539,2,512,494,3,465,455,4,452,459,5,483,502,6,535,553,7,569,572,
30094,1,568,558,2,533,512,3,481,462,4,451,452,5,466,481,6,514,533,7,560,572,
30169,1,570,569,2,551,533,3,501,482,4,458,449,5,455,463,6,493,511,7,545,559,
30244,1,565,569,2,564,550,3,523,500,4,472,457,5,451,454,6,474,490,7,525,543,
30319,1,553,563,2,570,562,3,542,523,4,491,472,5,454,450,6,460,470,7,504,522,
30394,1,535,551,2,569,566,3,558,542,4,512,491,5,464,450,6,452,459,7,483,502,
30469,1,515,535,2,560,566,3,568,556,4,533,511,5,481,462,6,451,449,7,466,481,
30544,1,494,514,2,545,558,3,570,564,4,551,531,5,501,480,6,458,448,7,455,462,
30619,1,474,496,2,526,541,3,565,566,4,564,550,5,522,500,6,472,456,7,451,453,
30694,1,460,475,2,504,523,3,553,564,4,570,562,5,542,521,6,490,471,7,454,451,
30769,1,452,457,2,484,502,3,536,551,4,569,568,5,558,541,6,511,489,7,464,453,
30844,1,451,448,2,467,481,3,515,534,4,560,569,5,568,557,6,532,512,7,480,462,
30919,1,458,452,2,455,467,3,494,514,4,545,560,5,570,569,6,550,533,7,500,481,
30994,1,471,458,2,451,456,3,475,494,4,526,544,5,565,571,6,564,555,7,522,500,
31069,1,490,471,2,454,453,3,460,477,4,505,525,5,554,566,6,570,565,7,542,524,
31144,1,511,488,2,464,454,3,452,462,4,484,504,5,536,555,6,569,570,7,558,545,
31219,1,532,509,2,480,465,3,451,456,4,467,484,5,516,536,6,560,569,7,568,559,
31294,1,550,528,2,500,484,3,458,455,4,455,467,5,494,514,6,546,558,7,570,572,
31369,1,563,549,2,521,505,3,471,458,4,451,455,5,475,493,6,526,545,7,566,572,
31444,1,570,563,2,541,520,3,489,469,4,453,451,5,460,472,6,505,523,7,554,566,
31519,1,569,569,2,557,541,3,510,489,4,463,451,5,452,459,6,485,502,7,537,554,
31594,1,561,569,2,567,556,3,531,509,4,479,462,5,451,451,6,467,481,7,516,536,
31669,1,546,559,2,570,565,3,550,531,4,499,479,5,457,451,6,455,465,7,495,514,
31744,1,527,546,2,566,566,3,563,549,4,521,500,5,471,454,6,451,453,7,476,494,
31819,1,506,526,2,554,564,3,570,559,4,541,520,5,489,469,6,453,447,7,461,472,
31894,1,485,507,2,537,550,3,569,566,4,557,539,5,510,487,6,463,450,7,452,460,
31969,1,468,486,2,517,532,3,561,567,4,567,555,5,531,509,6,479,462,7,451,452,
32044,1,456,467,2,495,514,3,546,560,4,570,564,5,549,530,6,499,478,7,457,450,
32119,1,451,453,2,476,492,3,527,544,4,566,568,5,563,548,6,520,499,7,470,456,
32194,1,453,451,2,461,473,3,506,522,4,555,567,5,570,562,6,540,520,7,488,470,
32269,1,463,454,2,452,461,3,486,506,4,538,555,5,569,571,6,557,543,7,509,489,
32344,1,479,463,2,451,453,3,468,486,4,517,537,5,561,570,6,567,562,7,530,513,
32419,1,498,477,2,457,451,3,456,469,4,496,518,5,547,562,6,570,567,7,549,533,
32494,1,520,496,2,470,457,3,451,458,4,476,494,5,528,547,6,566,568,7,563,550,
32569,1,540,515,2,488,472,3,453,453,4,461,474,5,507,526,6,555,566,7,570,564,
32644,1,556,537,2,509,493,3,463,455,4,452,461,5,486,505,6,538,553,7,569,572,
32719,1,567,555,2,530,511,3,478,461,4,451,451,5,468,481,6,518,535,7,561,571,
32794,1,570,569,2,549,530,3,498,477,4,457,448,5,456,464,6,496,514,7,547,560,
32869,1,566,569,2,562,549,3,519,497,4,470,457,5,451,456,6,477,493,7,528,545,
32944,1,555,564,2,570,561,3,540,519,4,488,469,5,453,451,6,462,475,7,507,527,
33019,1,538,552,2,569,566,3,556,538,4,508,487,5,462,450,6,453,460,7,486,504,
33094,1,518,537,2,562,566,3,567,554,4,530,507,5,478,459,6,451,450,7,469,482,
33169,1,497,518,2,548,560,3,570,563,4,548,527,5,498,476,6,457,449,7,456,466,
33244,1,477,497,2,529,545,3,567,566,4,562,546,5,519,496,6,469,454,7,451,456,
33319,1,462,476,2,508,524,3,556,566,4,570,560,5,539,518,6,487,468,7,453,449,
33394,1,453,459,2,487,505,3,539,554,4,570,568,5,556,538,6,508,486,7,462,452,
33469,1,451,449,2,469,484,3,519,536,4,562,568,5,567,555,6,529,509,7,477,460,
33544,1,456,451,2,456,468,3,497,516,4,548,560,5,570,566,6,548,529,7,497,477,
33619,1,469,456,2,451,456,3,478,496,4,529,546,5,567,570,6,562,549,7,518,498,
33694,1,487,468,2,453,452,3,462,478,4,508,528,5,556,567,6,569,565,7,539,520,
33769,1,507,485,2,462,453,3,453,463,4,487,507,5,539,555,6,570,569,7,555,542,