Neuron_1,Neuron_2,Neuron_3,
0.01,0.01,0.01,
0.02,0.02,0.02,
0.03,0.03,0.03,
0.03,0.03,0.03,
0.04,0.04,0.04,
0.05,0.05,0.05,
0.06,0.06,0.06,
0.06,0.06,0.06,
0.07,0.07,0.07,
0.02,0.03,0.07,
0.02,0.03,0.08,
0.02,0.03,0.09,
0.03,0.04,0.10,
0.04,0.05,0.10,
0.04,0.05,0.11,
0.05,0.06,0.12,
0.05,0.06,0.12,
0.06,0.07,0.13,
0.06,0.07,0.13,
0.06,0.08,0.14,
0.07,0.08,0.14,
0.07,0.08,0.15,
0.08,0.09,0.15,
0.08,0.09,0.16,
0.08,0.09,0.16,
0.08,0.10,0.16,
0.09,0.10,0.17,
0.09,0.10,0.17,
0.09,0.10,0.17,
0.09,0.11,0.18,
0.09,0.11,0.18,
0.10,0.11,0.18,
0.10,0.11,0.19,
0.10,0.11,0.19,
0.10,0.11,0.19,
0.10,0.12,0.19,
0.10,0.12,0.20,
0.10,0.12,0.20,
0.11,0.12,0.20,
0.11,0.12,0.20,
0.11,0.12,0.20,
0.11,0.12,0.21,
0.11,0.12,0.21,
0.11,0.12,0.21,
0.11,0.13,0.21,
0.11,0.13,0.21,
0.11,0.13,0.22,
0.11,0.13,0.22,
0.11,0.13,0.22,
0.11,0.13,0.22,
0.11,0.13,0.22,
0.11,0.13,0.22,
0.11,0.13,0.23,
0.11,0.13,0.23,
0.11,0.13,0.23,
0.11,0.13,0.23,
0.11,0.13,0.23,
0.11,0.13,0.23,
0.11,0.13,0.23,
0.11,0.13,0.24,
0.11,0.13,0.24,
0.11,0.13,0.24,
0.11,0.13,0.24,
0.11,0.13,0.24,
0.11,0.13,0.24,
0.11,0.13,0.24,
0.11,0.13,0.25,
0.11,0.13,0.25,
0.11,0.13,0.25,
0.11,0.13,0.25,
0.10,0.13,0.25,
0.10,0.13,0.25,
0.10,0.13,0.25,
0.10,0.13,0.25,
0.10,0.13,0.26,
0.10,0.13,0.26,
0.10,0.13,0.26,
0.10,0.13,0.26,
0.10,0.12,0.26,
0.10,0.12,0.26,
0.10,0.12,0.26,
0.10,0.12,0.27,
0.10,0.12,0.27,
0.10,0.12,0.27,
0.09,0.12,0.27,
0.09,0.12,0.27,
0.09,0.12,0.27,
0.09,0.12,0.28,
0.09,0.12,0.28,
0.09,0.12,0.28,
0.09,0.12,0.28,
0.09,0.12,0.28,
0.09,0.12,0.28,
0.09,0.12,0.28,
0.09,0.12,0.29,
0.08,0.12,0.29,
0.08,0.12,0.29,
0.08,0.11,0.29,
0.08,0.11,0.29,
0.08,0.11,0.29,
0.08,0.11,0.30,
0.08,0.11,0.30,
0.08,0.11,0.30,
0.08,0.11,0.30,
0.07,0.11,0.30,
0.07,0.11,0.31,
0.07,0.11,0.31,
0.07,0.11,0.31,
0.07,0.11,0.31,
0.07,0.11,0.31,
0.07,0.11,0.31,
0.07,0.11,0.32,
0.06,0.10,0.32,
0.06,0.10,0.32,
0.06,0.10,0.32,
0.06,0.10,0.32,
0.06,0.10,0.33,
0.06,0.10,0.33,
0.06,0.10,0.33,
0.05,0.10,0.33,
0.05,0.10,0.34,
0.05,0.10,0.34,
0.05,0.10,0.34,
0.05,0.09,0.34,
0.05,0.09,0.34,
0.05,0.09,0.35,
0.04,0.09,0.35,
0.04,0.09,0.35,
0.04,0.09,0.35,
0.04,0.09,0.36,
0.04,0.09,0.36,
0.04,0.09,0.36,
0.03,0.09,0.36,
0.03,0.09,0.37,
0.03,0.08,0.37,
0.03,0.08,0.37,
0.03,0.08,0.37,
0.03,0.08,0.38,
0.02,0.08,0.38,
0.02,0.08,0.38,
0.02,0.08,0.39,
0.02,0.08,0.39,
0.02,0.08,0.39,
0.01,0.07,0.39,
0.01,0.07,0.40,
0.01,0.07,0.40,
0.01,0.07,0.40,
0.01,0.07,0.41,
0.00,0.07,0.41,
0.00,0.07,0.41,
0.00,0.07,0.42,
0.00,0.06,0.42,
0.00,0.06,0.42,
0.00,0.06,0.43,
0.00,0.06,0.43,
0.00,0.06,0.43,
0.00,0.06,0.44,
0.00,0.06,0.44,
0.00,0.05,0.44,
0.00,0.05,0.45,
0.00,0.05,0.45,
0.00,0.05,0.45,
0.00,0.05,0.46,
0.00,0.04,0.46,
0.00,0.04,0.46,
0.00,0.04,0.47,
0.00,0.04,0.47,
0.00,0.04,0.47,
0.00,0.03,0.48,
0.00,0.03,0.48,
0.00,0.03,0.48,
0.00,0.03,0.49,
0.00,0.02,0.49,
0.00,0.02,0.49,
0.00,0.02,0.50,
0.00,0.02,0.50,
0.00,0.01,0.50,
0.00,0.01,0.51,
0.00,0.01,0.51,
0.00,0.00,0.51,
0.00,0.00,0.52,
0.00,0.00,0.52,
0.00,0.00,0.52,
0.00,0.00,0.53,
0.00,0.00,0.53,
0.00,0.00,0.53,
0.00,0.00,0.54,
0.00,0.00,0.54,
0.00,0.00,0.55,
0.00,0.00,0.55,
0.00,0.00,0.55,
0.00,0.00,0.55,
0.00,0.00,0.56,
0.00,0.00,0.56,
0.00,0.00,0.56,
0.00,0.00,0.57,
0.00,0.00,0.57,
0.00,0.00,0.57,
0.00,0.00,0.58,
0.00,0.00,0.58,
0.00,0.00,0.58,
0.00,0.00,0.58,
0.00,0.00,0.59,
0.00,0.00,0.59,
0.00,0.00,0.59,
0.00,0.00,0.60,
0.00,0.00,0.60,
0.00,0.00,0.60,
0.00,0.00,0.60,
0.00,0.00,0.61,
0.00,0.00,0.61,
0.00,0.00,0.61,
0.00,0.00,0.61,
0.00,0.00,0.62,
0.00,0.00,0.62,
0.00,0.00,0.62,
0.00,0.00,0.62,
0.00,0.00,0.63,
0.00,0.00,0.63,
0.00,0.00,0.63,
0.00,0.00,0.63,
0.00,0.00,0.63,
0.00,0.00,0.64,
0.00,0.00,0.64,
0.00,0.00,0.64,
0.00,0.00,0.64,
0.00,0.00,0.64,
0.00,0.00,0.65,
0.00,0.00,0.65,
0.00,0.00,0.65,
0.00,0.00,0.65,
0.00,0.00,0.65,
0.00,0.00,0.66,
0.00,0.00,0.66,
0.00,0.00,0.66,
0.00,0.00,0.66,
0.00,0.00,0.66,
0.00,0.00,0.66,
0.00,0.00,0.67,
0.00,0.00,0.67,
0.00,0.00,0.67,
0.00,0.00,0.67,
0.00,0.00,0.67,
0.00,0.00,0.67,
0.00,0.00,0.68,
0.00,0.00,0.68,
0.00,0.00,0.68,
0.00,0.00,0.68,
0.00,0.00,0.68,
0.00,0.00,0.68,
0.00,0.00,0.68,
0.00,0.00,0.69,
0.00,0.00,0.69,
0.00,0.00,0.69,
0.00,0.00,0.69,
0.00,0.00,0.69,
0.00,0.00,0.69,
0.00,0.00,0.69,
0.00,0.00,0.69,
0.00,0.00,0.70,
0.00,0.00,0.70,
0.00,0.00,0.70,
0.00,0.00,0.70,
0.00,0.00,0.70,
0.00,0.00,0.70,
0.00,0.00,0.70,
0.00,0.00,0.70,
0.00,0.00,0.70,
0.00,0.00,0.70,
0.00,0.00,0.71,
0.00,0.00,0.71,
0.00,0.00,0.71,
0.00,0.00,0.71,
0.00,0.00,0.71,
0.00,0.00,0.71,
0.00,0.00,0.71,
0.00,0.00,0.71,
0.00,0.00,0.71,
0.00,0.00,0.71,
0.00,0.00,0.71,
0.00,0.00,0.71,
0.00,0.00,0.72,
0.00,0.00,0.72,
0.00,0.00,0.72,
0.00,0.00,0.72,
0.00,0.00,0.72,
0.00,0.00,0.72,
0.00,0.00,0.72,
0.00,0.00,0.72,
0.00,0.00,0.72,
0.00,0.00,0.72,
0.00,0.00,0.72,
0.00,0.00,0.72,
0.00,0.00,0.72,
0.00,0.00,0.72,
0.00,0.00,0.72,
0.00,0.00,0.72,
0.00,0.00,0.72,
0.00,0.00,0.72,
0.00,0.00,0.72,
0.00,0.00,0.73,
0.00,0.00,0.73,
0.00,0.00,0.73,
0.00,0.00,0.73,
0.00,0.00,0.73,
0.00,0.00,0.73,
0.00,0.00,0.73,
0.00,0.00,0.73,
0.00,0.00,0.73,
0.00,0.00,0.73,
0.00,0.00,0.73,
0.00,0.00,0.73,
0.00,0.00,0.73,
0.00,0.00,0.73,
0.00,0.00,0.73,
0.00,0.00,0.73,
0.00,0.00,0.73,
0.00,0.00,0.73,
0.00,0.00,0.73,
0.00,0.00,0.73,
0.00,0.00,0.73,
0.00,0.00,0.73,
0.00,0.00,0.73,
0.00,0.00,0.73,
0.00,0.00,0.73,
0.00,0.00,0.73,
0.00,0.00,0.73,
0.00,0.00,0.73,
0.00,0.00,0.73,
0.00,0.00,0.73,
0.00,0.00,0.73,
0.00,0.00,0.73,
0.00,0.00,0.73,
0.00,0.00,0.73,
0.00,0.00,0.73,
0.00,0.00,0.73,
0.00,0.00,0.73,
0.00,0.00,0.73,
0.00,0.00,0.73,
0.00,0.00,0.73,
0.00,0.00,0.73,
0.00,0.00,0.73,
0.00,0.00,0.73,
0.00,0.00,0.73,
0.00,0.00,0.73,
0.00,0.00,0.73,
0.00,0.00,0.73,
0.00,0.00,0.73,
0.00,0.00,0.73,
0.00,0.00,0.73,
0.00,0.00,0.73,
0.00,0.00,0.73,
0.00,0.00,0.73,
0.00,0.00,0.73,
0.00,0.00,0.73,
0.00,0.00,0.73,
0.00,0.00,0.73,
0.00,0.00,0.73,
0.00,0.00,0.72,
0.00,0.00,0.72,
0.00,0.00,0.72,
0.00,0.00,0.72,
0.00,0.00,0.72,
0.00,0.00,0.72,
0.00,0.00,0.72,
0.00,0.00,0.72,
0.00,0.00,0.72,
0.00,0.00,0.72,
0.00,0.00,0.72,
0.00,0.00,0.72,
0.00,0.00,0.72,
0.00,0.00,0.72,
0.00,0.00,0.72,
0.00,0.00,0.72,
0.00,0.00,0.72,
0.00,0.00,0.72,
0.00,0.00,0.72,
0.00,0.00,0.72,
0.00,0.00,0.72,
0.00,0.00,0.72,
0.00,0.00,0.72,
0.00,0.00,0.72,
0.00,0.00,0.72,
0.00,0.00,0.71,
0.00,0.00,0.71,
0.00,0.00,0.71,
0.00,0.00,0.71,
0.00,0.00,0.71,
0.00,0.00,0.71,
0.00,0.00,0.71,
0.00,0.00,0.71,
0.00,0.00,0.71,
0.00,0.00,0.71,
0.00,0.00,0.71,
0.00,0.00,0.71,
0.00,0.00,0.71,
0.00,0.00,0.71,
0.00,0.00,0.71,
0.00,0.00,0.71,
0.00,0.00,0.71,
0.00,0.00,0.71,
0.00,0.00,0.70,
0.00,0.00,0.70,
0.00,0.00,0.70,
0.00,0.00,0.70,
0.00,0.00,0.70,
0.00,0.00,0.70,
0.00,0.00,0.70,
0.00,0.00,0.70,
0.00,0.00,0.70,
0.00,0.00,0.70,
0.00,0.00,0.70,
0.00,0.00,0.70,
0.00,0.00,0.70,
0.00,0.00,0.70,
0.00,0.00,0.70,
0.00,0.00,0.70,
0.00,0.00,0.69,
0.00,0.00,0.69,
0.00,0.00,0.69,
0.00,0.00,0.69,
0.00,0.00,0.69,
0.00,0.00,0.69,
0.00,0.00,0.69,
0.00,0.00,0.69,
0.00,0.00,0.69,
0.00,0.00,0.69,
0.00,0.00,0.69,
0.00,0.00,0.69,
0.00,0.00,0.69,
0.00,0.00,0.69,
0.00,0.00,0.69,
0.00,0.00,0.68,
0.00,0.00,0.68,
0.00,0.00,0.68,
0.00,0.00,0.68,
0.00,0.00,0.68,
0.00,0.00,0.68,
0.00,0.00,0.68,
0.00,0.00,0.68,
0.00,0.00,0.68,
0.00,0.00,0.68,
0.00,0.00,0.68,
0.00,0.00,0.68,
0.00,0.00,0.68,
0.00,0.00,0.68,
0.00,0.00,0.67,
0.00,0.00,0.67,
0.00,0.00,0.67,
0.00,0.00,0.67,
0.00,0.00,0.67,
0.00,0.00,0.67,
0.00,0.00,0.67,
0.00,0.00,0.67,
0.00,0.00,0.67,
0.00,0.00,0.67,
0.00,0.00,0.67,
0.00,0.00,0.67,
0.00,0.00,0.67,
0.00,0.00,0.66,
0.00,0.00,0.66,
0.00,0.00,0.66,
0.00,0.00,0.66,
0.00,0.00,0.66,
0.00,0.00,0.66,
0.00,0.00,0.66,
0.00,0.00,0.66,
0.00,0.00,0.66,
0.00,0.00,0.66,
0.00,0.00,0.66,
0.00,0.00,0.66,
0.00,0.00,0.65,
0.00,0.00,0.65,
0.00,0.00,0.65,
0.00,0.00,0.65,
0.00,0.00,0.65,
0.00,0.00,0.65,
0.00,0.00,0.65,
0.00,0.00,0.65,
0.00,0.00,0.65,
0.00,0.00,0.65,
0.00,0.00,0.65,
0.00,0.00,0.65,
0.00,0.00,0.65,
0.00,0.00,0.64,
0.00,0.00,0.64,
0.00,0.00,0.64,
0.00,0.00,0.64,
0.00,0.00,0.64,
0.00,0.00,0.64,
0.00,0.00,0.64,
0.00,0.00,0.64,
0.00,0.00,0.64,
0.00,0.00,0.64,
0.00,0.00,0.64,
0.00,0.00,0.64,
0.00,0.00,0.63,
0.00,0.00,0.63,
0.00,0.00,0.63,
0.00,0.00,0.63,
0.00,0.00,0.63,
0.00,0.00,0.63,
0.00,0.00,0.63,
0.00,0.00,0.63,
0.00,0.00,0.63,
0.00,0.00,0.63,
0.00,0.00,0.63,
0.00,0.00,0.63,
0.00,0.00,0.62,
0.00,0.00,0.62,
0.00,0.00,0.62,
0.00,0.00,0.62,
0.00,0.00,0.62,
0.00,0.00,0.62,
0.00,0.00,0.62,
0.00,0.00,0.62,
0.00,0.00,0.62,
0.00,0.00,0.62,
0.00,0.00,0.62,
0.00,0.00,0.62,
0.00,0.00,0.61,
0.00,0.00,0.61,
0.00,0.00,0.61,
0.00,0.00,0.61,
0.00,0.00,0.61,
0.00,0.00,0.61,
0.00,0.00,0.61,
0.00,0.00,0.61,
0.00,0.00,0.61,
0.00,0.00,0.61,
0.00,0.00,0.61,
0.00,0.00,0.61,
0.00,0.00,0.60,
0.00,0.00,0.60,
0.00,0.00,0.60,
0.00,0.00,0.60,
0.00,0.00,0.60,
0.00,0.00,0.60,
0.00,0.00,0.60,
0.00,0.00,0.60,
0.00,0.00,0.60,
0.00,0.00,0.60,
0.00,0.00,0.60,
0.00,0.00,0.60,
0.00,0.00,0.59,
0.00,0.00,0.59,
0.00,0.00,0.59,
0.00,0.00,0.59,
0.00,0.00,0.59,
0.00,0.00,0.59,
0.00,0.00,0.59,
0.00,0.00,0.59,
0.00,0.00,0.59,
0.00,0.00,0.59,
0.00,0.00,0.59,
0.00,0.00,0.59,
0.00,0.00,0.58,
0.00,0.00,0.58,
0.00,0.00,0.58,
0.00,0.00,0.58,
0.00,0.00,0.58,
0.00,0.00,0.58,
0.00,0.00,0.58,
0.00,0.00,0.58,
0.00,0.00,0.58,
0.00,0.00,0.58,
0.00,0.00,0.58,
0.00,0.00,0.58,
0.00,0.00,0.57,
0.00,0.00,0.57,
0.00,0.00,0.57,
0.00,0.00,0.57,
0.00,0.00,0.57,
0.00,0.00,0.57,
0.00,0.00,0.57,
0.00,0.00,0.57,
0.00,0.00,0.57,
0.00,0.00,0.57,
0.00,0.00,0.57,
0.00,0.00,0.57,
0.00,0.00,0.56,
0.00,0.00,0.56,
0.00,0.00,0.56,
0.00,0.00,0.56,
0.00,0.00,0.56,
0.00,0.00,0.56,
0.00,0.00,0.56,
0.00,0.00,0.56,
0.00,0.00,0.56,
0.00,0.00,0.56,
0.00,0.00,0.56,
0.00,0.00,0.56,
0.00,0.00,0.56,
0.00,0.00,0.55,
0.00,0.00,0.55,
0.00,0.00,0.55,
0.00,0.00,0.55,
0.00,0.00,0.55,
0.00,0.00,0.55,
0.00,0.00,0.55,
0.00,0.00,0.55,
0.00,0.00,0.55,
0.00,0.00,0.55,
0.00,0.00,0.55,
0.00,0.00,0.55,
0.00,0.00,0.54,
0.00,0.00,0.54,
0.00,0.00,0.54,
0.00,0.00,0.54,
0.00,0.00,0.54,
0.00,0.00,0.54,
0.00,0.00,0.54,
0.00,0.00,0.54,
0.00,0.00,0.54,
0.00,0.00,0.54,
0.00,0.00,0.54,
0.00,0.00,0.54,
0.00,0.00,0.54,
0.00,0.00,0.53,
0.00,0.00,0.53,
0.00,0.00,0.53,
0.00,0.00,0.53,
0.00,0.00,0.53,
0.00,0.00,0.53,
0.00,0.00,0.53,
0.00,0.00,0.53,
0.00,0.00,0.53,
0.00,0.00,0.53,
0.00,0.00,0.53,
0.00,0.00,0.53,
0.00,0.00,0.53,
0.00,0.00,0.53,
0.00,0.00,0.52,
0.00,0.00,0.52,
0.00,0.00,0.52,
0.00,0.00,0.52,
0.00,0.00,0.52,
0.00,0.00,0.52,
0.00,0.00,0.52,
0.00,0.00,0.52,
0.00,0.00,0.52,
0.00,0.00,0.52,
0.00,0.00,0.52,
0.00,0.00,0.52,
0.00,0.00,0.52,
0.00,0.00,0.51,
0.00,0.00,0.51,
0.00,0.00,0.51,
0.00,0.00,0.51,
0.00,0.00,0.51,
0.00,0.00,0.51,
0.00,0.00,0.51,
0.00,0.00,0.51,
0.00,0.00,0.51,
0.00,0.00,0.51,
0.00,0.00,0.51,
0.00,0.00,0.51,
0.00,0.00,0.51,
0.00,0.00,0.51,
0.00,0.00,0.50,
0.00,0.00,0.50,
0.00,0.00,0.50,
0.00,0.00,0.50,
0.00,0.00,0.50,
0.00,0.00,0.50,
0.00,0.00,0.50,
0.00,0.00,0.50,
0.00,0.00,0.50,
0.00,0.00,0.50,
0.00,0.00,0.50,
0.00,0.00,0.50,
0.00,0.00,0.50,
0.00,0.00,0.50,
0.00,0.00,0.50,
0.00,0.00,0.49,
0.00,0.00,0.49,
0.00,0.00,0.49,
0.00,0.00,0.49,
0.00,0.00,0.49,
0.00,0.00,0.49,
0.00,0.00,0.49,
0.00,0.00,0.49,
0.00,0.00,0.49,
0.00,0.00,0.49,
0.00,0.00,0.49,
0.00,0.00,0.49,
0.00,0.00,0.49,
0.00,0.00,0.49,
0.00,0.00,0.48,
0.00,0.00,0.48,
0.00,0.00,0.48,
0.00,0.00,0.48,
0.00,0.00,0.48,
0.00,0.00,0.48,
0.00,0.00,0.48,
0.00,0.00,0.48,
0.00,0.00,0.48,
0.00,0.00,0.48,
0.00,0.00,0.48,
0.00,0.00,0.48,
0.00,0.00,0.48,
0.00,0.00,0.48,
0.00,0.00,0.48,
0.00,0.00,0.48,
0.00,0.00,0.47,
0.00,0.00,0.47,
0.00,0.00,0.47,
0.00,0.00,0.47,
0.00,0.00,0.47,
0.00,0.00,0.47,
0.00,0.00,0.47,
0.00,0.00,0.47,
0.00,0.00,0.47,
0.00,0.00,0.47,
0.00,0.00,0.47,
0.00,0.00,0.47,
0.00,0.00,0.47,
0.00,0.00,0.47,
0.00,0.00,0.47,
0.00,0.00,0.47,
0.00,0.00,0.46,
0.00,0.00,0.46,
0.00,0.00,0.46,
0.00,0.00,0.46,
0.00,0.00,0.46,
0.00,0.00,0.46,
0.00,0.00,0.46,
0.00,0.00,0.46,
0.00,0.00,0.46,
0.00,0.00,0.46,
0.00,0.00,0.46,
0.00,0.00,0.46,
0.00,0.00,0.46,
0.00,0.00,0.46,
0.00,0.00,0.46,
0.00,0.00,0.46,
0.00,0.00,0.46,
0.00,0.00,0.45,
0.00,0.00,0.45,
0.00,0.00,0.45,
0.00,0.00,0.45,
0.00,0.00,0.45,
0.00,0.00,0.45,
0.00,0.00,0.45,
0.00,0.00,0.45,
0.00,0.00,0.45,
0.00,0.00,0.45,
0.00,0.00,0.45,
0.00,0.00,0.45,
0.00,0.00,0.45,
0.00,0.00,0.45,
0.00,0.00,0.45,
0.00,0.00,0.45,
0.00,0.00,0.45,
0.00,0.00,0.44,
0.00,0.00,0.44,
0.00,0.00,0.44,
0.00,0.00,0.44,
0.00,0.00,0.44,
0.00,0.00,0.44,
0.00,0.00,0.44,
0.00,0.00,0.44,
0.00,0.00,0.44,
0.00,0.00,0.44,
0.00,0.00,0.44,
0.00,0.00,0.44,
0.00,0.00,0.44,
0.00,0.00,0.44,
0.00,0.00,0.44,
0.00,0.00,0.44,
0.00,0.00,0.44,
0.00,0.00,0.44,
0.00,0.00,0.43,
0.00,0.00,0.43,
0.00,0.00,0.43,
0.00,0.00,0.43,
0.00,0.00,0.43,
0.00,0.00,0.43,
0.00,0.00,0.43,
0.00,0.00,0.43,
0.00,0.00,0.43,
0.00,0.00,0.43,
0.00,0.00,0.43,
0.00,0.00,0.43,
0.00,0.00,0.43,
0.00,0.00,0.43,
0.00,0.00,0.43,
0.00,0.00,0.43,
0.00,0.00,0.43,
0.00,0.00,0.43,
0.00,0.00,0.43,
0.00,0.00,0.43,
0.00,0.00,0.42,
0.00,0.00,0.42,
0.00,0.00,0.42,
0.00,0.00,0.42,
0.00,0.00,0.42,
0.00,0.00,0.42,
0.00,0.00,0.42,
0.00,0.00,0.42,
0.00,0.00,0.42,
0.00,0.00,0.42,
0.00,0.00,0.42,
0.00,0.00,0.42,
0.00,0.00,0.42,
0.00,0.00,0.42,
0.00,0.00,0.42,
0.00,0.00,0.42,
0.00,0.00,0.42,
0.00,0.00,0.42,
0.00,0.00,0.42,
0.00,0.00,0.42,
0.00,0.00,0.41,
0.00,0.00,0.41,
0.00,0.00,0.41,
0.00,0.00,0.41,
0.00,0.00,0.41,
0.00,0.00,0.41,
0.00,0.00,0.41,
0.00,0.00,0.41,
0.00,0.00,0.41,
0.00,0.00,0.41,
0.00,0.00,0.41,
0.00,0.00,0.41,
0.00,0.00,0.41,
0.00,0.00,0.41,
0.00,0.00,0.41,
0.00,0.00,0.41,
0.00,0.00,0.41,
0.00,0.00,0.41,
0.00,0.00,0.41,
0.00,0.00,0.41,
0.00,0.00,0.41,
0.00,0.00,0.41,
0.00,0.00,0.40,
0.00,0.00,0.40,
0.00,0.00,0.40,
0.00,0.00,0.40,
0.00,0.00,0.40,
0.00,0.00,0.40,
0.00,0.00,0.40,
0.00,0.00,0.40,
0.00,0.00,0.40,
0.00,0.00,0.40,
0.00,0.00,0.40,
0.00,0.00,0.40,
0.00,0.00,0.40,
0.00,0.00,0.40,
0.00,0.00,0.40,
0.00,0.00,0.40,
0.00,0.00,0.40,
0.00,0.00,0.40,
0.00,0.00,0.40,
0.00,0.00,0.40,
0.00,0.00,0.40,
0.00,0.00,0.40,
0.00,0.00,0.40,
0.00,0.00,0.40,
0.00,0.00,0.39,
0.00,0.00,0.39,
0.00,0.00,0.39,
0.00,0.00,0.39,
0.00,0.00,0.39,
0.00,0.00,0.39,
0.00,0.00,0.39,
0.00,0.00,0.39,
0.00,0.00,0.39,
0.00,0.00,0.39,
0.00,0.00,0.39,
0.00,0.00,0.39,
0.00,0.00,0.39,
0.00,0.00,0.39,
0.00,0.00,0.39,
0.00,0.00,0.39,
0.00,0.00,0.39,
0.00,0.00,0.39,
0.00,0.00,0.39,
0.00,0.00,0.39,
0.00,0.00,0.39,
0.00,0.00,0.39,
0.00,0.00,0.39,
0.00,0.00,0.39,
0.00,0.00,0.39,
0.00,0.00,0.39,
0.00,0.00,0.38,
0.00,0.00,0.38,
0.00,0.00,0.38,
0.00,0.00,0.38,
0.00,0.00,0.38,
0.00,0.00,0.38,
0.00,0.00,0.38,
0.00,0.00,0.38,
0.00,0.00,0.38,
0.00,0.00,0.38,
0.00,0.00,0.38,
0.00,0.00,0.38,
0.00,0.00,0.38,
0.00,0.00,0.38,
0.00,0.00,0.38,
0.00,0.00,0.38,
0.00,0.00,0.38,
0.00,0.00,0.38,
0.00,0.00,0.38,
0.00,0.00,0.38,
0.00,0.00,0.38,
0.00,0.00,0.38,
0.00,0.00,0.38,
0.00,0.00,0.38,
0.00,0.00,0.38,
0.00,0.00,0.38,
0.00,0.00,0.38,
0.00,0.00,0.38,
0.00,0.00,0.37,
0.00,0.00,0.37,
0.00,0.00,0.37,
0.00,0.00,0.37,
0.00,0.00,0.37,
0.00,0.00,0.37,
0.00,0.00,0.37,
0.00,0.00,0.37,
0.00,0.00,0.37,
0.00,0.00,0.37,
0.00,0.00,0.37,
0.00,0.00,0.37,
0.00,0.00,0.37,
0.00,0.00,0.37,
0.00,0.00,0.37,
0.00,0.00,0.37,
0.00,0.00,0.37,
0.00,0.00,0.37,
0.00,0.00,0.37,
0.00,0.00,0.37,
0.00,0.00,0.37,
0.00,0.00,0.37,
0.00,0.00,0.37,
0.00,0.00,0.37,
0.00,0.00,0.37,
0.00,0.00,0.37,
0.00,0.00,0.37,
0.00,0.00,0.37,
0.00,0.00,0.37,
0.00,0.00,0.37,
0.00,0.00,0.36,
0.00,0.00,0.36,
0.00,0.00,0.36,
0.00,0.00,0.36,
0.00,0.00,0.36,
0.00,0.00,0.36,
0.00,0.00,0.36,
0.00,0.00,0.36,
0.00,0.00,0.36,
0.00,0.00,0.36,
0.00,0.00,0.36,
0.00,0.00,0.36,
0.00,0.00,0.36,
0.00,0.00,0.36,
0.00,0.00,0.36,
0.00,0.00,0.36,
0.00,0.00,0.36,
0.00,0.00,0.36,
0.00,0.00,0.36,
0.00,0.00,0.36,
0.00,0.00,0.36,
0.00,0.00,0.36,
0.00,0.00,0.36,
0.00,0.00,0.36,
0.00,0.00,0.36,
0.00,0.00,0.36,
0.00,0.00,0.36,
0.00,0.00,0.36,
0.00,0.00,0.36,
0.00,0.00,0.36,
0.00,0.00,0.36,
0.00,0.00,0.36,
0.00,0.00,0.36,
0.00,0.00,0.36,
0.00,0.00,0.36,
0.00,0.00,0.35,
0.00,0.00,0.35,
0.00,0.00,0.35,
0.00,0.00,0.35,
0.00,0.00,0.35,
0.00,0.00,0.35,
0.00,0.00,0.35,
0.00,0.00,0.35,
0.01,0.00,0.35,
0.01,0.00,0.35,
0.01,0.00,0.35,
0.01,0.00,0.35,
0.01,0.00,0.35,
0.01,0.00,0.35,
0.01,0.00,0.35,
0.01,0.01,0.35,
0.01,0.01,0.35,
0.01,0.01,0.35,
0.01,0.01,0.35,
0.02,0.01,0.35,
0.02,0.01,0.35,
0.02,0.01,0.34,
0.02,0.01,0.34,
0.02,0.01,0.34,
0.02,0.01,0.34,
0.02,0.01,0.34,
0.02,0.01,0.34,
0.02,0.01,0.34,
0.02,0.01,0.34,
0.02,0.01,0.34,
0.02,0.02,0.34,
0.03,0.02,0.33,
0.03,0.02,0.33,
0.03,0.02,0.33,
0.03,0.02,0.33,
0.03,0.02,0.33,
0.03,0.02,0.33,
0.03,0.02,0.33,
0.03,0.02,0.33,
0.03,0.02,0.33,
0.03,0.02,0.32,
0.03,0.02,0.32,
0.03,0.02,0.32,
0.04,0.02,0.32,
0.04,0.02,0.32,
0.04,0.02,0.32,
0.04,0.03,0.32,
0.04,0.03,0.31,
0.04,0.03,0.31,
0.04,0.03,0.31,
0.04,0.03,0.31,
0.04,0.03,0.31,
0.04,0.03,0.31,
0.04,0.03,0.31,
0.05,0.03,0.30,
0.05,0.03,0.30,
0.05,0.03,0.30,
0.05,0.03,0.30,
0.05,0.03,0.30,
0.05,0.04,0.29,
0.05,0.04,0.29,
0.05,0.04,0.29,
0.05,0.04,0.29,
0.06,0.04,0.29,
0.06,0.04,0.29,
0.06,0.04,0.28,
0.06,0.04,0.28,
0.06,0.04,0.28,
0.06,0.04,0.28,
0.06,0.04,0.28,
0.06,0.04,0.27,
0.06,0.05,0.27,
0.07,0.05,0.27,
0.07,0.05,0.27,
0.07,0.05,0.26,
0.07,0.05,0.26,
0.07,0.05,0.26,
0.07,0.05,0.26,
0.07,0.05,0.26,
0.07,0.05,0.25,
0.08,0.05,0.25,
0.08,0.06,0.25,
0.08,0.06,0.25,
0.08,0.06,0.24,
0.08,0.06,0.24,
0.08,0.06,0.24,
0.08,0.06,0.24,
0.09,0.06,0.23,
0.09,0.06,0.23,
0.09,0.06,0.23,
0.09,0.07,0.23,
0.09,0.07,0.22,
0.09,0.07,0.22,
0.10,0.07,0.22,
0.10,0.07,0.21,
0.10,0.07,0.21,
0.10,0.07,0.21,
0.10,0.07,0.20,
0.10,0.08,0.20,
0.11,0.08,0.20,
0.11,0.08,0.20,
0.11,0.08,0.19,
0.11,0.08,0.19,
0.11,0.08,0.19,
0.11,0.08,0.18,
0.12,0.08,0.18,
0.12,0.09,0.18,
0.12,0.09,0.17,
0.12,0.09,0.17,
0.12,0.09,0.17,
0.13,0.09,0.16,
0.13,0.09,0.16,
0.13,0.10,0.15,
0.13,0.10,0.15,
0.14,0.10,0.15,
0.14,0.10,0.14,
0.14,0.10,0.14,
0.14,0.10,0.14,
0.14,0.11,0.13,
0.15,0.11,0.13,
0.15,0.11,0.12,
0.15,0.11,0.12,
0.15,0.11,0.11,
0.16,0.11,0.11,
0.16,0.12,0.11,
0.16,0.12,0.10,
0.16,0.12,0.10,
0.17,0.12,0.09,
0.17,0.12,0.09,
0.17,0.13,0.08,
0.17,0.13,0.08,
0.18,0.13,0.07,
0.18,0.13,0.07,
0.18,0.13,0.06,
0.18,0.14,0.06,
0.19,0.14,0.05,
0.19,0.14,0.05,
0.19,0.14,0.04,
0.20,0.14,0.04,
0.20,0.15,0.03,
0.20,0.15,0.03,
0.21,0.15,0.02,
0.21,0.15,0.02,
0.21,0.16,0.01,
0.21,0.16,0.01,
0.22,0.16,0.00,
0.22,0.16,0.00,
0.22,0.17,0.00,
0.23,0.17,0.00,
0.23,0.17,0.00,
0.23,0.17,0.00,
0.24,0.17,0.00,
0.24,0.18,0.00,
0.24,0.18,0.00,
0.24,0.18,0.00,
0.25,0.18,0.00,
0.25,0.18,0.00,
0.25,0.19,0.00,
0.25,0.19,0.00,
0.26,0.19,0.00,
0.26,0.19,0.00,
0.26,0.19,0.00,
0.26,0.19,0.00,
0.26,0.19,0.00,
0.27,0.19,0.00,
0.27,0.19,0.00,
0.27,0.20,0.00,
0.27,0.20,0.00,
0.27,0.20,0.00,
0.28,0.20,0.00,
0.28,0.20,0.00,
0.28,0.20,0.00,
0.28,0.20,0.00,
0.28,0.20,0.00,
0.28,0.20,0.00,
0.29,0.20,0.00,
0.29,0.20,0.00,
0.29,0.20,0.00,
0.29,0.20,0.00,
0.29,0.20,0.00,
0.29,0.20,0.00,
0.30,0.20,0.00,
0.30,0.20,0.00,
0.30,0.20,0.00,
0.30,0.20,0.00,
0.30,0.20,0.00,
0.30,0.20,0.00,
0.30,0.20,0.00,
0.30,0.20,0.00,
0.31,0.20,0.00,
0.31,0.20,0.00,
0.31,0.20,0.00,
0.31,0.20,0.00,
0.31,0.20,0.00,
0.31,0.20,0.00,
0.31,0.20,0.00,
0.31,0.20,0.00,
0.32,0.20,0.00,
0.32,0.20,0.00,
0.32,0.20,0.00,
0.32,0.20,0.00,
0.32,0.20,0.00,
0.32,0.20,0.00,
0.32,0.20,0.00,
0.32,0.20,0.00,
0.32,0.20,0.00,
0.33,0.20,0.00,
0.33,0.20,0.00,
0.33,0.20,0.00,
0.33,0.20,0.00,
0.33,0.19,0.00,
0.33,0.19,0.00,
0.33,0.19,0.00,
0.33,0.19,0.00,
0.33,0.19,0.00,
0.34,0.19,0.00,
0.34,0.19,0.00,
0.34,0.19,0.00,
0.34,0.19,0.00,
0.34,0.19,0.00,
0.34,0.19,0.00,
0.34,0.19,0.00,
0.34,0.19,0.00,
0.34,0.18,0.00,
0.35,0.18,0.00,
0.35,0.18,0.00,
0.35,0.18,0.00,
0.35,0.18,0.00,
0.35,0.18,0.00,
0.35,0.18,0.00,
0.35,0.18,0.00,
0.35,0.18,0.00,
0.36,0.17,0.00,
0.36,0.17,0.00,
0.36,0.17,0.00,
0.36,0.17,0.00,
0.36,0.17,0.00,
0.36,0.17,0.00,
0.36,0.17,0.00,
0.36,0.17,0.00,
0.37,0.16,0.00,
0.37,0.16,0.00,
0.37,0.16,0.00,
0.37,0.16,0.00,
0.37,0.16,0.00,
0.37,0.16,0.00,
0.37,0.16,0.00,
0.37,0.16,0.00,
0.38,0.15,0.00,
0.38,0.15,0.00,
0.38,0.15,0.00,
0.38,0.15,0.00,
0.38,0.15,0.00,
0.38,0.15,0.00,
0.38,0.14,0.00,
0.39,0.14,0.00,
0.39,0.14,0.00,
0.39,0.14,0.00,
0.39,0.14,0.00,
0.39,0.14,0.00,
0.39,0.13,0.00,
0.40,0.13,0.00,
0.40,0.13,0.00,
0.40,0.13,0.00,
0.40,0.13,0.00,
0.40,0.13,0.00,
0.40,0.12,0.00,
0.41,0.12,0.00,
0.41,0.12,0.00,
0.41,0.12,0.00,
0.41,0.12,0.00,
0.41,0.11,0.00,
0.41,0.11,0.00,
0.42,0.11,0.00,
0.42,0.11,0.00,
0.42,0.11,0.00,
0.42,0.10,0.00,
0.42,0.10,0.00,
0.43,0.10,0.00,
0.43,0.10,0.00,
0.43,0.09,0.00,
0.43,0.09,0.00,
0.43,0.09,0.00,
0.44,0.09,0.00,
0.44,0.09,0.00,
0.44,0.08,0.00,
0.44,0.08,0.00,
0.45,0.08,0.00,
0.45,0.08,0.00,
0.45,0.07,0.00,
0.45,0.07,0.00,
0.45,0.07,0.00,
0.46,0.06,0.00,
0.46,0.06,0.00,
0.46,0.06,0.00,
0.46,0.06,0.00,
0.47,0.05,0.00,
0.47,0.05,0.00,
0.47,0.05,0.00,
0.48,0.05,0.00,
0.48,0.04,0.00,
0.48,0.04,0.00,
0.48,0.04,0.00,
0.49,0.03,0.00,
0.49,0.03,0.00,
0.49,0.03,0.00,
0.49,0.02,0.00,
0.50,0.02,0.00,
0.50,0.02,0.00,
0.50,0.02,0.00,
0.51,0.01,0.00,
0.51,0.01,0.00,
0.51,0.01,0.00,
0.52,0.00,0.00,
0.52,0.00,0.00,
0.52,0.00,0.00,
0.53,0.00,0.00,
0.53,0.00,0.00,
0.53,0.00,0.00,
0.53,0.00,0.00,
0.54,0.00,0.00,
0.54,0.00,0.00,
0.54,0.00,0.00,
0.55,0.00,0.00,
0.55,0.00,0.00,
0.55,0.00,0.00,
0.55,0.00,0.00,
0.56,0.00,0.00,
0.56,0.00,0.00,
0.56,0.00,0.00,
0.57,0.00,0.00,
0.57,0.00,0.00,
0.57,0.00,0.00,
0.57,0.00,0.00,
0.58,0.00,0.00,
0.58,0.00,0.00,
0.58,0.00,0.00,
0.58,0.00,0.00,
0.59,0.00,0.00,
0.59,0.00,0.00,
0.59,0.00,0.00,
0.59,0.00,0.00,
0.60,0.00,0.00,
0.60,0.00,0.00,
0.60,0.00,0.00,
0.60,0.00,0.00,
0.60,0.00,0.00,
0.61,0.00,0.00,
0.61,0.00,0.00,
0.61,0.00,0.00,
0.61,0.00,0.00,
0.61,0.00,0.00,
0.62,0.00,0.00,
0.62,0.00,0.00,
0.62,0.00,0.00,
0.62,0.00,0.00,
0.62,0.00,0.00,
0.63,0.00,0.00,
0.63,0.00,0.00,
0.63,0.00,0.00,
0.63,0.00,0.00,
0.63,0.00,0.00,
0.63,0.00,0.00,
0.64,0.00,0.00,
0.64,0.00,0.00,
0.64,0.00,0.00,
0.64,0.00,0.00,
0.64,0.00,0.00,
0.64,0.00,0.00,
0.65,0.00,0.00,
0.65,0.00,0.00,
0.65,0.00,0.00,
0.65,0.00,0.00,
0.65,0.00,0.00,
0.65,0.00,0.00,
0.65,0.00,0.00,
0.65,0.00,0.00,
0.66,0.00,0.00,
0.66,0.00,0.00,
0.66,0.00,0.00,
0.66,0.00,0.00,
0.66,0.00,0.00,
0.66,0.00,0.00,
0.66,0.00,0.00,
0.66,0.00,0.00,
0.67,0.00,0.00,
0.67,0.00,0.00,
0.67,0.00,0.00,
0.67,0.00,0.00,
0.67,0.00,0.00,
0.67,0.00,0.00,
0.67,0.00,0.00,
0.67,0.00,0.00,
0.67,0.00,0.00,
0.68,0.00,0.00,
0.68,0.00,0.00,
0.68,0.00,0.00,
0.68,0.00,0.00,
0.68,0.00,0.00,
0.68,0.00,0.00,
0.68,0.00,0.00,
0.68,0.00,0.00,
0.68,0.00,0.00,
0.68,0.00,0.00,
0.68,0.00,0.00,
0.68,0.00,0.00,
0.68,0.00,0.00,
0.69,0.00,0.00,
0.69,0.00,0.00,
0.69,0.00,0.00,
0.69,0.00,0.00,
0.69,0.00,0.00,
0.69,0.00,0.00,
0.69,0.00,0.00,
0.69,0.00,0.00,
0.69,0.00,0.00,
0.69,0.00,0.00,
0.69,0.00,0.00,
0.69,0.00,0.00,
0.69,0.00,0.00,
0.69,0.00,0.00,
0.69,0.00,0.00,
0.69,0.00,0.00,
0.69,0.00,0.00,
0.70,0.00,0.00,
0.70,0.00,0.00,
0.70,0.00,0.00,
0.70,0.00,0.00,
0.70,0.00,0.00,
0.70,0.00,0.00,
0.70,0.00,0.00,
0.70,0.00,0.00,
0.70,0.00,0.00,
0.70,0.00,0.00,
0.70,0.00,0.00,
0.70,0.00,0.00,
0.70,0.00,0.00,
0.70,0.00,0.00,
0.70,0.00,0.00,
0.70,0.00,0.00,
0.70,0.00,0.00,
0.70,0.00,0.00,
0.70,0.00,0.00,
0.70,0.00,0.00,
0.70,0.00,0.00,
0.70,0.00,0.00,
0.70,0.00,0.00,
0.70,0.00,0.00,
0.70,0.00,0.00,
0.70,0.00,0.00,
0.70,0.00,0.00,
0.70,0.00,0.00,
0.70,0.00,0.00,
0.70,0.00,0.00,
0.70,0.00,0.00,
0.70,0.00,0.00,
0.70,0.00,0.00,
0.70,0.00,0.00,
0.70,0.00,0.00,
0.70,0.00,0.00,
0.70,0.00,0.00,
0.70,0.00,0.00,
0.70,0.00,0.00,
0.70,0.00,0.00,
0.70,0.00,0.00,
0.70,0.00,0.00,
0.70,0.00,0.00,
0.70,0.00,0.00,
0.70,0.00,0.00,
0.70,0.00,0.00,
0.70,0.00,0.00,
0.70,0.00,0.00,
0.70,0.00,0.00,
0.70,0.00,0.00,
0.70,0.00,0.00,
0.70,0.00,0.00,
0.70,0.00,0.00,
0.70,0.00,0.00,
0.70,0.00,0.00,
0.70,0.00,0.00,
0.70,0.00,0.00,
0.70,0.00,0.00,
0.70,0.00,0.00,
0.70,0.00,0.00,
0.70,0.00,0.00,
0.70,0.00,0.00,
0.70,0.00,0.00,
0.70,0.00,0.00,
0.70,0.00,0.00,
0.70,0.00,0.00,
0.70,0.00,0.00,
0.70,0.00,0.00,
0.70,0.00,0.00,
0.69,0.00,0.00,
0.69,0.00,0.00,
0.69,0.00,0.00,
0.69,0.00,0.00,
0.69,0.00,0.00,
0.69,0.00,0.00,
0.69,0.00,0.00,
0.69,0.00,0.00,
0.69,0.00,0.00,
0.69,0.00,0.00,
0.69,0.00,0.00,
0.69,0.00,0.00,
0.69,0.00,0.00,
0.69,0.00,0.00,
0.69,0.00,0.00,
0.69,0.00,0.00,
0.69,0.00,0.00,
0.69,0.00,0.00,
0.69,0.00,0.00,
0.69,0.00,0.00,
0.69,0.00,0.00,
0.69,0.00,0.00,
0.69,0.00,0.00,
0.69,0.00,0.00,
0.68,0.00,0.00,
0.68,0.00,0.00,
0.68,0.00,0.00,
0.68,0.00,0.00,
0.68,0.00,0.00,
0.68,0.00,0.00,
0.68,0.00,0.00,
0.68,0.00,0.00,
0.68,0.00,0.00,
0.68,0.00,0.00,
0.68,0.00,0.00,
0.68,0.00,0.00,
0.68,0.00,0.00,
0.68,0.00,0.00,
0.68,0.00,0.00,
0.68,0.00,0.00,
0.68,0.00,0.00,
0.68,0.00,0.00,
0.68,0.00,0.00,
0.67,0.00,0.00,
0.67,0.00,0.00,
0.67,0.00,0.00,
0.67,0.00,0.00,
0.67,0.00,0.00,
0.67,0.00,0.00,
0.67,0.00,0.00,
0.67,0.00,0.00,
0.67,0.00,0.00,
0.67,0.00,0.00,
0.67,0.00,0.00,
0.67,0.00,0.00,
0.67,0.00,0.00,
0.67,0.00,0.00,
0.67,0.00,0.00,
0.67,0.00,0.00,
0.66,0.00,0.00,
0.66,0.00,0.00,
0.66,0.00,0.00,
0.66,0.00,0.00,
0.66,0.00,0.00,
0.66,0.00,0.00,
0.66,0.00,0.00,
0.66,0.00,0.00,
0.66,0.00,0.00,
0.66,0.00,0.00,
0.66,0.00,0.00,
0.66,0.00,0.00,
0.66,0.00,0.00,
0.66,0.00,0.00,
0.66,0.00,0.00,
0.65,0.00,0.00,
0.65,0.00,0.00,
0.65,0.00,0.00,
0.65,0.00,0.00,
0.65,0.00,0.00,
0.65,0.00,0.00,
0.65,0.00,0.00,
0.65,0.00,0.00,
0.65,0.00,0.00,
0.65,0.00,0.00,
0.65,0.00,0.00,
0.65,0.00,0.00,
0.65,0.00,0.00,
0.65,0.00,0.00,
0.65,0.00,0.00,
0.64,0.00,0.00,
0.64,0.00,0.00,
0.64,0.00,0.00,
0.64,0.00,0.00,
0.64,0.00,0.00,
0.64,0.00,0.00,
0.64,0.00,0.00,
0.64,0.00,0.00,
0.64,0.00,0.00,
0.64,0.00,0.00,
0.64,0.00,0.00,
0.64,0.00,0.00,
0.64,0.00,0.00,
0.63,0.00,0.00,
0.63,0.00,0.00,
0.63,0.00,0.00,
0.63,0.00,0.00,
0.63,0.00,0.00,
0.63,0.00,0.00,
0.63,0.00,0.00,
0.63,0.00,0.00,
0.63,0.00,0.00,
0.63,0.00,0.00,
0.63,0.00,0.00,
0.63,0.00,0.00,
0.63,0.00,0.00,
0.62,0.00,0.00,
0.62,0.00,0.00,
0.62,0.00,0.00,
0.62,0.00,0.00,
0.62,0.00,0.00,
0.62,0.00,0.00,
0.62,0.00,0.00,
0.62,0.00,0.00,
0.62,0.00,0.00,
0.62,0.00,0.00,
0.62,0.00,0.00,
0.62,0.00,0.00,
0.62,0.00,0.00,
0.61,0.00,0.00,
0.61,0.00,0.00,
0.61,0.00,0.00,
0.61,0.00,0.00,
0.61,0.00,0.00,
0.61,0.00,0.00,
0.61,0.00,0.00,
0.61,0.00,0.00,
0.61,0.00,0.00,
0.61,0.00,0.00,
0.61,0.00,0.00,
0.61,0.00,0.00,
0.61,0.00,0.00,
0.60,0.00,0.00,
0.60,0.00,0.00,
0.60,0.00,0.00,
0.60,0.00,0.00,
0.60,0.00,0.00,
0.60,0.00,0.00,
0.60,0.00,0.00,
0.60,0.00,0.00,
0.60,0.00,0.00,
0.60,0.00,0.00,
0.60,0.00,0.00,
0.60,0.00,0.00,
0.60,0.00,0.00,
0.59,0.00,0.00,
0.59,0.00,0.00,
0.59,0.00,0.00,
0.59,0.00,0.00,
0.59,0.00,0.00,
0.59,0.00,0.00,
0.59,0.00,0.00,
0.59,0.00,0.00,
0.59,0.00,0.00,
0.59,0.00,0.00,
0.59,0.00,0.00,
0.59,0.00,0.00,
0.59,0.00,0.00,
0.58,0.00,0.00,
0.58,0.00,0.00,
0.58,0.00,0.00,
0.58,0.00,0.00,
0.58,0.00,0.00,
0.58,0.00,0.00,
0.58,0.00,0.00,
0.58,0.00,0.00,
0.58,0.00,0.00,
0.58,0.00,0.00,
0.58,0.00,0.00,
0.58,0.00,0.00,
0.58,0.00,0.00,
0.57,0.00,0.00,
0.57,0.00,0.00,
0.57,0.00,0.00,
0.57,0.00,0.00,
0.57,0.00,0.00,
0.57,0.00,0.00,
0.57,0.00,0.00,
0.57,0.00,0.00,
0.57,0.00,0.00,
0.57,0.00,0.00,
0.57,0.00,0.00,
0.57,0.00,0.00,
0.57,0.00,0.00,
0.56,0.00,0.00,
0.56,0.00,0.00,
0.56,0.00,0.00,
0.56,0.00,0.00,
0.56,0.00,0.00,
0.56,0.00,0.00,
0.56,0.00,0.00,
0.56,0.00,0.00,
0.56,0.00,0.00,
0.56,0.00,0.00,
0.56,0.00,0.00,
0.56,0.00,0.00,
0.56,0.00,0.00,
0.55,0.00,0.00,
0.55,0.00,0.00,
0.55,0.00,0.00,
0.55,0.00,0.00,
0.55,0.00,0.00,
0.55,0.00,0.00,
0.55,0.00,0.00,
0.55,0.00,0.00,
0.55,0.00,0.00,
0.55,0.00,0.00,
0.55,0.00,0.00,
0.55,0.00,0.00,
0.55,0.00,0.00,
0.54,0.00,0.00,
0.54,0.00,0.00,
0.54,0.00,0.00,
0.54,0.00,0.00,
0.54,0.00,0.00,
0.54,0.00,0.00,
0.54,0.00,0.00,
0.54,0.00,0.00,
0.54,0.00,0.00,
0.54,0.00,0.00,
0.54,0.00,0.00,
0.54,0.00,0.00,
0.54,0.00,0.00,
0.53,0.00,0.00,
0.53,0.00,0.00,
0.53,0.00,0.00,
0.53,0.00,0.00,
0.53,0.00,0.00,
0.53,0.00,0.00,
0.53,0.00,0.00,
0.53,0.00,0.00,
0.53,0.00,0.00,
0.53,0.00,0.00,
0.53,0.00,0.00,
0.53,0.00,0.00,
0.53,0.00,0.00,
0.53,0.00,0.00,
0.52,0.00,0.00,
0.52,0.00,0.00,
0.52,0.00,0.00,
0.52,0.00,0.00,
0.52,0.00,0.00,
0.52,0.00,0.00,
0.52,0.00,0.00,
0.52,0.00,0.00,
0.52,0.00,0.00,
0.52,0.00,0.00,
0.52,0.00,0.00,
0.52,0.00,0.00,
0.52,0.00,0.00,
0.52,0.00,0.00,
0.51,0.00,0.00,
0.51,0.00,0.00,
0.51,0.00,0.00,
0.51,0.00,0.00,
0.51,0.00,0.00,
0.51,0.00,0.00,
0.51,0.00,0.00,
0.51,0.00,0.00,
0.51,0.00,0.00,
0.51,0.00,0.00,
0.51,0.00,0.00,
0.51,0.00,0.00,
0.51,0.00,0.00,
0.51,0.00,0.00,
0.50,0.00,0.00,
0.50,0.00,0.00,
0.50,0.00,0.00,
0.50,0.00,0.00,
0.50,0.00,0.00,
0.50,0.00,0.00,
0.50,0.00,0.00,
0.50,0.00,0.00,
0.50,0.00,0.00,
0.50,0.00,0.00,
0.50,0.00,0.00,
0.50,0.00,0.00,
0.50,0.00,0.00,
0.50,0.00,0.00,
0.50,0.00,0.00,
0.49,0.00,0.00,
0.49,0.00,0.00,
0.49,0.00,0.00,
0.49,0.00,0.00,
0.49,0.00,0.00,
0.49,0.00,0.00,
0.49,0.00,0.00,
0.49,0.00,0.00,
0.49,0.00,0.00,
0.49,0.00,0.00,
0.49,0.00,0.00,
0.49,0.00,0.00,
0.49,0.00,0.00,
0.49,0.00,0.00,
0.49,0.00,0.00,
0.48,0.00,0.00,
0.48,0.00,0.00,
0.48,0.00,0.00,
0.48,0.00,0.00,
0.48,0.00,0.00,
0.48,0.00,0.00,
0.48,0.00,0.00,
0.48,0.00,0.00,
0.48,0.00,0.00,
0.48,0.00,0.00,
0.48,0.00,0.00,
0.48,0.00,0.00,
0.48,0.00,0.00,
0.48,0.00,0.00,
0.48,0.00,0.00,
0.48,0.00,0.00,
0.47,0.00,0.00,
0.47,0.00,0.00,
0.47,0.00,0.00,
0.47,0.00,0.00,
0.47,0.00,0.00,
0.47,0.00,0.00,
0.47,0.00,0.00,
0.47,0.00,0.00,
0.47,0.00,0.00,
0.47,0.00,0.00,
0.47,0.00,0.00,
0.47,0.00,0.00,
0.47,0.00,0.00,
0.47,0.00,0.00,
0.47,0.00,0.00,
0.47,0.00,0.00,
0.46,0.00,0.00,
0.46,0.00,0.00,
0.46,0.00,0.00,
0.46,0.00,0.00,
0.46,0.00,0.00,
0.46,0.00,0.00,
0.46,0.00,0.00,
0.46,0.00,0.00,
0.46,0.00,0.00,
0.46,0.00,0.00,
0.46,0.00,0.00,
0.46,0.00,0.00,
0.46,0.00,0.00,
0.46,0.00,0.00,
0.46,0.00,0.00,
0.46,0.00,0.00,
0.46,0.00,0.00,
0.45,0.00,0.00,
0.45,0.00,0.00,
0.45,0.00,0.00,
0.45,0.00,0.00,
0.45,0.00,0.00,
0.45,0.00,0.00,
0.45,0.00,0.00,
0.45,0.00,0.00,
0.45,0.00,0.00,
0.45,0.00,0.00,
0.45,0.00,0.00,
0.45,0.00,0.00,
0.45,0.00,0.00,
0.45,0.00,0.00,
0.45,0.00,0.00,
0.45,0.00,0.00,
0.45,0.00,0.00,
0.45,0.00,0.00,
0.44,0.00,0.00,
0.44,0.00,0.00,
0.44,0.00,0.00,
0.44,0.00,0.00,
0.44,0.00,0.00,
0.44,0.00,0.00,
0.44,0.00,0.00,
0.44,0.00,0.00,
0.44,0.00,0.00,
0.44,0.00,0.00,
0.44,0.00,0.00,
0.44,0.00,0.00,
0.44,0.00,0.00,
0.44,0.00,0.00,
0.44,0.00,0.00,
0.44,0.00,0.00,
0.44,0.00,0.00,
0.44,0.00,0.00,
0.44,0.00,0.00,
0.43,0.00,0.00,
0.43,0.00,0.00,
0.43,0.00,0.00,
0.43,0.00,0.00,
0.43,0.00,0.00,
0.43,0.00,0.00,
0.43,0.00,0.00,
0.43,0.00,0.00,
0.43,0.00,0.00,
0.43,0.00,0.00,
0.43,0.00,0.00,
0.43,0.00,0.00,
0.43,0.00,0.00,
0.43,0.00,0.00,
0.43,0.00,0.00,
0.43,0.00,0.00,
0.43,0.00,0.00,
0.43,0.00,0.00,
0.43,0.00,0.00,
0.42,0.00,0.00,
0.42,0.00,0.00,
0.42,0.00,0.00,
0.42,0.00,0.00,
0.42,0.00,0.00,
0.42,0.00,0.00,
0.42,0.00,0.00,
0.42,0.00,0.00,
0.42,0.00,0.00,
0.42,0.00,0.00,
0.42,0.00,0.00,
0.42,0.00,0.00,
0.42,0.00,0.00,
0.42,0.00,0.00,
0.42,0.00,0.00,
0.42,0.00,0.00,
0.42,0.00,0.00,
0.42,0.00,0.00,
0.42,0.00,0.00,
0.42,0.00,0.00,
0.42,0.00,0.00,
0.41,0.00,0.00,
0.41,0.00,0.00,
0.41,0.00,0.00,
0.41,0.00,0.00,
0.41,0.00,0.00,
0.41,0.00,0.00,
0.41,0.00,0.00,
0.41,0.00,0.00,
0.41,0.00,0.00,
0.41,0.00,0.00,
0.41,0.00,0.00,
0.41,0.00,0.00,
0.41,0.00,0.00,
0.41,0.00,0.00,
0.41,0.00,0.00,
0.41,0.00,0.00,
0.41,0.00,0.00,
0.41,0.00,0.00,
0.41,0.00,0.00,
0.41,0.00,0.00,
0.41,0.00,0.00,
0.41,0.00,0.00,
0.40,0.00,0.00,
0.40,0.00,0.00,
0.40,0.00,0.00,
0.40,0.00,0.00,
0.40,0.00,0.00,
0.40,0.00,0.00,
0.40,0.00,0.00,
0.40,0.00,0.00,
0.40,0.00,0.00,
0.40,0.00,0.00,
0.40,0.00,0.00,
0.40,0.00,0.00,
0.40,0.00,0.00,
0.40,0.00,0.00,
0.40,0.00,0.00,
0.40,0.00,0.00,
0.40,0.00,0.00,
0.40,0.00,0.00,
0.40,0.00,0.00,
0.40,0.00,0.00,
0.40,0.00,0.00,
0.40,0.00,0.00,
0.40,0.00,0.00,
0.40,0.00,0.00,
0.39,0.00,0.00,
0.39,0.00,0.00,
0.39,0.00,0.00,
0.39,0.00,0.00,
0.39,0.00,0.00,
0.39,0.00,0.00,
0.39,0.00,0.00,
0.39,0.00,0.00,
0.39,0.00,0.00,
0.39,0.00,0.00,
0.39,0.00,0.00,
0.39,0.00,0.00,
0.39,0.00,0.00,
0.39,0.00,0.00,
0.39,0.00,0.00,
0.39,0.00,0.00,
0.39,0.00,0.00,
0.39,0.00,0.00,
0.39,0.00,0.00,
0.39,0.00,0.00,
0.39,0.00,0.00,
0.39,0.00,0.00,
0.39,0.00,0.00,
0.39,0.00,0.00,
0.39,0.00,0.00,
0.39,0.00,0.00,
0.38,0.00,0.00,
0.38,0.00,0.00,
0.38,0.00,0.00,
0.38,0.00,0.00,
0.38,0.00,0.00,
0.38,0.00,0.00,
0.38,0.00,0.00,
0.38,0.00,0.00,
0.38,0.00,0.00,
0.38,0.00,0.00,
0.38,0.00,0.00,
0.38,0.00,0.00,
0.38,0.00,0.00,
0.38,0.00,0.00,
0.38,0.00,0.00,
0.38,0.00,0.00,
0.38,0.00,0.00,
0.38,0.00,0.00,
0.38,0.00,0.00,
0.38,0.00,0.00,
0.38,0.00,0.00,
0.38,0.00,0.00,
0.38,0.00,0.00,
0.38,0.00,0.00,
0.38,0.00,0.00,
0.38,0.00,0.00,
0.38,0.00,0.00,
0.38,0.00,0.00,
0.37,0.00,0.00,
0.37,0.00,0.00,
0.37,0.00,0.00,
0.37,0.00,0.00,
0.37,0.00,0.00,
0.37,0.00,0.00,
0.37,0.00,0.00,
0.37,0.00,0.00,
0.37,0.00,0.00,
0.37,0.00,0.00,
0.37,0.00,0.00,
0.37,0.00,0.00,
0.37,0.00,0.00,
0.37,0.00,0.00,
0.37,0.00,0.00,
0.37,0.00,0.00,
0.37,0.00,0.00,
0.37,0.00,0.00,
0.37,0.00,0.00,
0.37,0.00,0.00,
0.37,0.00,0.00,
0.37,0.00,0.00,
0.37,0.00,0.00,
0.37,0.00,0.00,
0.37,0.00,0.00,
0.37,0.00,0.00,
0.37,0.00,0.00,
0.37,0.00,0.00,
0.37,0.00,0.00,
0.37,0.00,0.00,
0.37,0.00,0.00,
0.36,0.00,0.00,
0.36,0.00,0.00,
0.36,0.00,0.00,
0.36,0.00,0.00,
0.36,0.00,0.00,
0.36,0.00,0.00,
0.36,0.00,0.00,
0.36,0.00,0.00,
0.36,0.00,0.00,
0.36,0.00,0.00,
0.36,0.00,0.00,
0.36,0.00,0.00,
0.36,0.00,0.00,
0.36,0.00,0.00,
0.36,0.00,0.00,
0.36,0.00,0.00,
0.36,0.00,0.00,
0.36,0.00,0.00,
0.36,0.00,0.00,
0.36,0.00,0.00,
0.36,0.00,0.00,
0.36,0.00,0.00,
0.36,0.00,0.00,
0.36,0.00,0.00,
0.36,0.00,0.00,
0.36,0.00,0.00,
0.36,0.00,0.00,
0.36,0.00,0.00,
0.36,0.00,0.00,
0.36,0.00,0.00,
0.36,0.00,0.00,
0.36,0.00,0.00,
0.36,0.00,0.00,
0.36,0.00,0.00,
0.36,0.00,0.00,
0.35,0.00,0.00,
0.35,0.00,0.00,
0.35,0.00,0.00,
0.35,0.00,0.00,
0.35,0.00,0.00,
0.35,0.00,0.00,
0.35,0.00,0.00,
0.35,0.00,0.00,
0.35,0.00,0.00,
0.35,0.00,0.00,
0.35,0.00,0.00,
0.35,0.00,0.00,
0.35,0.00,0.00,
0.35,0.00,0.00,
0.35,0.00,0.00,
0.35,0.00,0.00,
0.35,0.00,0.00,
0.35,0.00,0.00,
0.35,0.00,0.00,
0.35,0.00,0.00,
0.35,0.00,0.00,
0.35,0.00,0.00,
0.35,0.00,0.00,
0.35,0.00,0.00,
0.35,0.00,0.00,
0.35,0.00,0.00,
0.35,0.00,0.00,
0.35,0.00,0.00,
0.35,0.00,0.00,
0.35,0.00,0.00,
0.35,0.00,0.00,
0.35,0.00,0.00,
0.35,0.00,0.00,
0.35,0.00,0.00,
0.35,0.00,0.00,
0.35,0.00,0.00,
0.35,0.00,0.00,
0.35,0.00,0.00,
0.35,0.00,0.00,
0.34,0.01,0.00,
0.34,0.01,0.00,
0.34,0.01,0.00,
0.34,0.01,0.00,
0.34,0.01,0.00,
0.34,0.01,0.00,
0.34,0.01,0.00,
0.34,0.01,0.00,
0.34,0.01,0.00,
0.34,0.01,0.00,
0.34,0.01,0.00,
0.34,0.02,0.00,
0.34,0.02,0.00,
0.34,0.02,0.00,
0.34,0.02,0.00,
0.34,0.02,0.00,
0.34,0.02,0.00,
0.34,0.02,0.00,
0.34,0.02,0.00,
0.33,0.02,0.00,
0.33,0.02,0.00,
0.33,0.02,0.00,
0.33,0.03,0.00,
0.33,0.03,0.00,
0.33,0.03,0.00,
0.33,0.03,0.00,
0.33,0.03,0.00,
0.33,0.03,0.00,
0.33,0.03,0.00,
0.33,0.03,0.00,
0.33,0.03,0.00,
0.33,0.04,0.00,
0.32,0.04,0.00,
0.32,0.04,0.00,
0.32,0.04,0.00,
0.32,0.04,0.00,
0.32,0.04,0.00,
0.32,0.04,0.00,
0.32,0.04,0.00,
0.32,0.04,0.00,
0.32,0.05,0.00,
0.32,0.05,0.00,
0.31,0.05,0.00,
0.31,0.05,0.00,
0.31,0.05,0.00,
0.31,0.05,0.00,
0.31,0.05,0.00,
0.31,0.05,0.00,
0.31,0.05,0.00,
0.31,0.06,0.00,
0.30,0.06,0.00,
0.30,0.06,0.00,
0.30,0.06,0.00,
0.30,0.06,0.00,
0.30,0.06,0.00,
0.30,0.06,0.00,
0.30,0.07,0.00,
0.30,0.07,0.00,
0.29,0.07,0.00,
0.29,0.07,0.00,
0.29,0.07,0.00,
0.29,0.07,0.00,
0.29,0.07,0.00,
0.29,0.08,0.00,
0.29,0.08,0.00,
0.28,0.08,0.00,
0.28,0.08,0.00,
0.28,0.08,0.00,
0.28,0.08,0.00,
0.28,0.09,0.00,
0.28,0.09,0.00,
0.27,0.09,0.00,
0.27,0.09,0.00,
0.27,0.09,0.00,
0.27,0.09,0.00,
0.27,0.10,0.00,
0.26,0.10,0.00,
0.26,0.10,0.00,
0.26,0.10,0.00,
0.26,0.10,0.00,
0.26,0.11,0.00,
0.26,0.11,0.00,
0.25,0.11,0.00,
0.25,0.11,0.00,
0.25,0.11,0.00,
0.25,0.12,0.00,
0.25,0.12,0.00,
0.24,0.12,0.00,
0.24,0.12,0.00,
0.24,0.12,0.00,
0.24,0.13,0.00,
0.23,0.13,0.00,
0.23,0.13,0.00,
0.23,0.13,0.00,
0.23,0.14,0.00,
0.22,0.14,0.00,
0.22,0.14,0.00,
0.22,0.14,0.00,
0.22,0.15,0.00,
0.22,0.15,0.00,
0.21,0.15,0.00,
0.21,0.15,0.00,
0.21,0.16,0.00,
0.20,0.16,0.00,
0.20,0.16,0.00,
0.20,0.16,0.00,
0.20,0.17,0.00,
0.19,0.17,0.00,
0.19,0.17,0.00,
0.19,0.17,0.00,
0.19,0.18,0.00,
0.18,0.18,0.00,
0.18,0.18,0.00,
0.18,0.19,0.00,
0.17,0.19,0.00,
0.17,0.19,0.00,
0.17,0.20,0.00,
0.16,0.20,0.00,
0.16,0.20,0.00,
0.16,0.21,0.00,
0.15,0.21,0.00,
0.15,0.21,0.00,
0.15,0.22,0.00,
0.14,0.22,0.00,
0.14,0.22,0.00,
0.14,0.23,0.00,
0.13,0.23,0.00,
0.13,0.23,0.00,
0.13,0.24,0.00,
0.12,0.24,0.00,
0.12,0.24,0.00,
0.11,0.25,0.00,
0.11,0.25,0.00,
0.11,0.26,0.00,
0.10,0.26,0.00,
0.10,0.26,0.00,
0.09,0.27,0.00,
0.09,0.27,0.00,
0.09,0.28,0.00,
0.08,0.28,0.00,
0.08,0.28,0.00,
0.07,0.29,0.00,
0.07,0.29,0.00,
0.06,0.30,0.00,
0.06,0.30,0.00,
0.05,0.31,0.00,
0.05,0.31,0.00,
0.05,0.32,0.00,
0.04,0.32,0.00,
0.04,0.33,0.00,
0.03,0.33,0.00,
0.03,0.34,0.00,
0.02,0.34,0.00,
0.02,0.35,0.00,
0.01,0.35,0.00,
0.01,0.36,0.00,
0.00,0.36,0.00,
0.00,0.37,0.00,
0.00,0.37,0.00,
0.00,0.38,0.00,
0.00,0.38,0.00,
0.00,0.39,0.00,
0.00,0.39,0.00,
0.00,0.40,0.00,
0.00,0.40,0.00,
0.00,0.41,0.00,
0.00,0.41,0.00,
0.00,0.42,0.00,
0.00,0.42,0.00,
0.00,0.43,0.00,
0.00,0.43,0.00,
0.00,0.44,0.00,
0.00,0.44,0.00,
0.00,0.44,0.00,
0.00,0.45,0.00,
0.00,0.45,0.00,
0.00,0.46,0.00,
0.00,0.46,0.00,
0.00,0.47,0.00,
0.00,0.47,0.00,
0.00,0.47,0.00,
0.00,0.48,0.00,
0.00,0.48,0.00,
0.00,0.49,0.00,
0.00,0.49,0.00,
0.00,0.49,0.00,
0.00,0.50,0.00,
0.00,0.50,0.00,
0.00,0.51,0.00,
0.00,0.51,0.00,
0.00,0.51,0.00,
0.00,0.52,0.00,
0.00,0.52,0.00,
0.00,0.52,0.00,
0.00,0.53,0.00,
0.00,0.53,0.00,
0.00,0.54,0.00,
0.00,0.54,0.00,
0.00,0.54,0.00,
0.00,0.55,0.00,
0.00,0.55,0.00,
0.00,0.55,0.00,
0.00,0.55,0.00,
0.00,0.56,0.00,
0.00,0.56,0.00,
0.00,0.56,0.00,
0.00,0.57,0.00,
0.00,0.57,0.00,
0.00,0.57,0.00,
0.00,0.58,0.00,
0.00,0.58,0.00,
0.00,0.58,0.00,
0.00,0.58,0.00,
0.00,0.59,0.00,
0.00,0.59,0.00,
0.00,0.59,0.00,
0.00,0.60,0.00,
0.00,0.60,0.00,
0.00,0.60,0.00,
0.00,0.60,0.00,
0.00,0.61,0.00,
0.00,0.61,0.00,
0.00,0.61,0.00,
0.00,0.61,0.00,
0.00,0.62,0.00,
0.00,0.62,0.00,
0.00,0.62,0.00,
0.00,0.62,0.00,
0.00,0.62,0.00,
0.00,0.63,0.00,
0.00,0.63,0.00,
0.00,0.63,0.00,
0.00,0.63,0.00,
0.00,0.64,0.00,
0.00,0.64,0.00,
0.00,0.64,0.00,
0.00,0.64,0.00,
0.00,0.64,0.00,
0.00,0.65,0.00,
0.00,0.65,0.00,
0.00,0.65,0.00,
0.00,0.65,0.00,
0.00,0.65,0.00,
0.00,0.66,0.00,
0.00,0.66,0.00,
0.00,0.66,0.00,
0.00,0.66,0.00,
0.00,0.66,0.00,
0.00,0.66,0.00,
0.00,0.67,0.00,
0.00,0.67,0.00,
0.00,0.67,0.00,
0.00,0.67,0.00,
0.00,0.67,0.00,
0.00,0.67,0.00,
0.00,0.67,0.00,
0.00,0.68,0.00,
0.00,0.68,0.00,
0.00,0.68,0.00,
0.00,0.68,0.00,
0.00,0.68,0.00,
0.00,0.68,0.00,
0.00,0.68,0.00,
0.00,0.69,0.00,
0.00,0.69,0.00,
0.00,0.69,0.00,
0.00,0.69,0.00,
0.00,0.69,0.00,
0.00,0.69,0.00,
0.00,0.69,0.00,
0.00,0.69,0.00,
0.00,0.70,0.00,
0.00,0.70,0.00,
0.00,0.70,0.00,
0.00,0.70,0.00,
0.00,0.70,0.00,
0.00,0.70,0.00,
0.00,0.70,0.00,
0.00,0.70,0.00,
0.00,0.70,0.00,
0.00,0.70,0.00,
0.00,0.71,0.00,
0.00,0.71,0.00,
0.00,0.71,0.00,
0.00,0.71,0.00,
0.00,0.71,0.00,
0.00,0.71,0.00,
0.00,0.71,0.00,
0.00,0.71,0.00,
0.00,0.71,0.00,
0.00,0.71,0.00,
0.00,0.71,0.00,
0.00,0.71,0.00,
0.00,0.71,0.00,
0.00,0.71,0.00,
0.00,0.72,0.00,
0.00,0.72,0.00,
0.00,0.72,0.00,
0.00,0.72,0.00,
0.00,0.72,0.00,
0.00,0.72,0.00,
0.00,0.72,0.00,
0.00,0.72,0.00,
0.00,0.72,0.00,
0.00,0.72,0.00,
0.00,0.72,0.00,
0.00,0.72,0.00,
0.00,0.72,0.00,
0.00,0.72,0.00,
0.00,0.72,0.00,
0.00,0.72,0.00,
0.00,0.72,0.00,
0.00,0.72,0.00,
0.00,0.72,0.00,
0.00,0.72,0.00,
0.00,0.72,0.00,
0.00,0.72,0.00,
0.00,0.73,0.00,
0.00,0.73,0.00,
0.00,0.73,0.00,
0.00,0.73,0.00,
0.00,0.73,0.00,
0.00,0.73,0.00,
0.00,0.73,0.00,
0.00,0.73,0.00,
0.00,0.73,0.00,
0.00,0.73,0.00,
0.00,0.73,0.00,
0.00,0.73,0.00,
0.00,0.73,0.00,
0.00,0.73,0.00,
0.00,0.73,0.00,
0.00,0.73,0.00,
0.00,0.73,0.00,
0.00,0.73,0.00,
0.00,0.73,0.00,
0.00,0.73,0.00,
0.00,0.73,0.00,
0.00,0.73,0.00,
0.00,0.73,0.00,
0.00,0.73,0.00,
0.00,0.73,0.00,
0.00,0.73,0.00,
0.00,0.73,0.00,
0.00,0.73,0.00,
0.00,0.73,0.00,
0.00,0.73,0.00,
0.00,0.73,0.00,
0.00,0.73,0.00,
0.00,0.73,0.00,
0.00,0.73,0.00,
0.00,0.73,0.00,
0.00,0.73,0.00,
0.00,0.73,0.00,
0.00,0.73,0.00,
0.00,0.73,0.00,
0.00,0.73,0.00,
0.00,0.73,0.00,
0.00,0.73,0.00,
0.00,0.73,0.00,
0.00,0.73,0.00,
0.00,0.72,0.00,
0.00,0.72,0.00,
0.00,0.72,0.00,
0.00,0.72,0.00,
0.00,0.72,0.00,
0.00,0.72,0.00,
0.00,0.72,0.00,
0.00,0.72,0.00,
0.00,0.72,0.00,
0.00,0.72,0.00,
0.00,0.72,0.00,
0.00,0.72,0.00,
0.00,0.72,0.00,
0.00,0.72,0.00,
0.00,0.72,0.00,
0.00,0.72,0.00,
0.00,0.72,0.00,
0.00,0.72,0.00,
0.00,0.72,0.00,
0.00,0.72,0.00,
0.00,0.72,0.00,
0.00,0.72,0.00,
0.00,0.72,0.00,
0.00,0.72,0.00,
0.00,0.72,0.00,
0.00,0.72,0.00,
0.00,0.72,0.00,
0.00,0.72,0.00,
0.00,0.71,0.00,
0.00,0.71,0.00,
0.00,0.71,0.00,
0.00,0.71,0.00,
0.00,0.71,0.00,
0.00,0.71,0.00,
0.00,0.71,0.00,
0.00,0.71,0.00,
0.00,0.71,0.00,
0.00,0.71,0.00,
0.00,0.71,0.00,
0.00,0.71,0.00,
0.00,0.71,0.00,
0.00,0.71,0.00,
0.00,0.71,0.00,
0.00,0.71,0.00,
0.00,0.71,0.00,
0.00,0.71,0.00,
0.00,0.71,0.00,
0.00,0.71,0.00,
0.00,0.70,0.00,
0.00,0.70,0.00,
0.00,0.70,0.00,
0.00,0.70,0.00,
0.00,0.70,0.00,
0.00,0.70,0.00,
0.00,0.70,0.00,
0.00,0.70,0.00,
0.00,0.70,0.00,
0.00,0.70,0.00,
0.00,0.70,0.00,
0.00,0.70,0.00,
0.00,0.70,0.00,
0.00,0.70,0.00,
0.00,0.70,0.00,
0.00,0.70,0.00,
0.00,0.69,0.00,
0.00,0.69,0.00,
0.00,0.69,0.00,
0.00,0.69,0.00,
0.00,0.69,0.00,
0.00,0.69,0.00,
0.00,0.69,0.00,
0.00,0.69,0.00,
0.00,0.69,0.00,
0.00,0.69,0.00,
0.00,0.69,0.00,
0.00,0.69,0.00,
0.00,0.69,0.00,
0.00,0.69,0.00,
0.00,0.69,0.00,
0.00,0.68,0.00,
0.00,0.68,0.00,
0.00,0.68,0.00,
0.00,0.68,0.00,
0.00,0.68,0.00,
0.00,0.68,0.00,
0.00,0.68,0.00,
0.00,0.68,0.00,
0.00,0.68,0.00,
0.00,0.68,0.00,
0.00,0.68,0.00,
0.00,0.68,0.00,
0.00,0.68,0.00,
0.00,0.68,0.00,
0.00,0.67,0.00,
0.00,0.67,0.00,
0.00,0.67,0.00,
0.00,0.67,0.00,
0.00,0.67,0.00,
0.00,0.67,0.00,
0.00,0.67,0.00,
0.00,0.67,0.00,
0.00,0.67,0.00,
0.00,0.67,0.00,
0.00,0.67,0.00,
0.00,0.67,0.00,
0.00,0.67,0.00,
0.00,0.66,0.00,
0.00,0.66,0.00,
0.00,0.66,0.00,
0.00,0.66,0.00,
0.00,0.66,0.00,
0.00,0.66,0.00,
0.00,0.66,0.00,
0.00,0.66,0.00,
0.00,0.66,0.00,
0.00,0.66,0.00,
0.00,0.66,0.00,
0.00,0.66,0.00,
0.00,0.66,0.00,
0.00,0.65,0.00,
0.00,0.65,0.00,
0.00,0.65,0.00,
0.00,0.65,0.00,
0.00,0.65,0.00,
0.00,0.65,0.00,
0.00,0.65,0.00,
0.00,0.65,0.00,
0.00,0.65,0.00,
0.00,0.65,0.00,
0.00,0.65,0.00,
0.00,0.65,0.00,
0.00,0.64,0.00,
0.00,0.64,0.00,
0.00,0.64,0.00,
0.00,0.64,0.00,
0.00,0.64,0.00,
0.00,0.64,0.00,
0.00,0.64,0.00,
0.00,0.64,0.00,
0.00,0.64,0.00,
0.00,0.64,0.00,
0.00,0.64,0.00,
0.00,0.64,0.00,
0.00,0.63,0.00,
0.00,0.63,0.00,
0.00,0.63,0.00,
0.00,0.63,0.00,
0.00,0.63,0.00,
0.00,0.63,0.00,
0.00,0.63,0.00,
0.00,0.63,0.00,
0.00,0.63,0.00,
0.00,0.63,0.00,
0.00,0.63,0.00,
0.00,0.63,0.00,
0.00,0.62,0.00,
0.00,0.62,0.00,
0.00,0.62,0.00,
0.00,0.62,0.00,
0.00,0.62,0.00,
0.00,0.62,0.00,
0.00,0.62,0.00,
0.00,0.62,0.00,
0.00,0.62,0.00,
0.00,0.62,0.00,
0.00,0.62,0.00,
0.00,0.62,0.00,
0.00,0.61,0.00,
0.00,0.61,0.00,
0.00,0.61,0.00,
0.00,0.61,0.00,
0.00,0.61,0.00,
0.00,0.61,0.00,
0.00,0.61,0.00,
0.00,0.61,0.00,
0.00,0.61,0.00,
0.00,0.61,0.00,
0.00,0.61,0.00,
0.00,0.61,0.00,
0.00,0.60,0.00,
0.00,0.60,0.00,
0.00,0.60,0.00,
0.00,0.60,0.00,
0.00,0.60,0.00,
0.00,0.60,0.00,
0.00,0.60,0.00,
0.00,0.60,0.00,
0.00,0.60,0.00,
0.00,0.60,0.00,
0.00,0.60,0.00,
0.00,0.60,0.00,
0.00,0.59,0.00,
0.00,0.59,0.00,
0.00,0.59,0.00,
0.00,0.59,0.00,
0.00,0.59,0.00,
0.00,0.59,0.00,
0.00,0.59,0.00,
0.00,0.59,0.00,
0.00,0.59,0.00,
0.00,0.59,0.00,
0.00,0.59,0.00,
0.00,0.59,0.00,
0.00,0.59,0.00,
0.00,0.58,0.00,
0.00,0.58,0.00,
0.00,0.58,0.00,
0.00,0.58,0.00,
0.00,0.58,0.00,
0.00,0.58,0.00,
0.00,0.58,0.00,
0.00,0.58,0.00,
0.00,0.58,0.00,
0.00,0.58,0.00,
0.00,0.58,0.00,
0.00,0.58,0.00,
0.00,0.57,0.00,
0.00,0.57,0.00,
0.00,0.57,0.00,
0.00,0.57,0.00,
0.00,0.57,0.00,
0.00,0.57,0.00,
0.00,0.57,0.00,
0.00,0.57,0.00,
0.00,0.57,0.00,
0.00,0.57,0.00,
0.00,0.57,0.00,
0.00,0.57,0.00,
0.00,0.56,0.00,
0.00,0.56,0.00,
0.00,0.56,0.00,
0.00,0.56,0.00,
0.00,0.56,0.00,
0.00,0.56,0.00,
0.00,0.56,0.00,
0.00,0.56,0.00,
0.00,0.56,0.00,
0.00,0.56,0.00,
0.00,0.56,0.00,
0.00,0.56,0.00,
0.00,0.56,0.00,
0.00,0.55,0.00,
0.00,0.55,0.00,
0.00,0.55,0.00,
0.00,0.55,0.00,
0.00,0.55,0.00,
0.00,0.55,0.00,
0.00,0.55,0.00,
0.00,0.55,0.00,
0.00,0.55,0.00,
0.00,0.55,0.00,
0.00,0.55,0.00,
0.00,0.55,0.00,
0.00,0.54,0.00,
0.00,0.54,0.00,
0.00,0.54,0.00,
0.00,0.54,0.00,
0.00,0.54,0.00,
0.00,0.54,0.00,
0.00,0.54,0.00,
0.00,0.54,0.00,
0.00,0.54,0.00,
0.00,0.54,0.00,
0.00,0.54,0.00,
0.00,0.54,0.00,
0.00,0.54,0.00,
0.00,0.53,0.00,
0.00,0.53,0.00,
0.00,0.53,0.00,
0.00,0.53,0.00,
0.00,0.53,0.00,
0.00,0.53,0.00,
0.00,0.53,0.00,
0.00,0.53,0.00,
0.00,0.53,0.00,
0.00,0.53,0.00,
0.00,0.53,0.00,
0.00,0.53,0.00,
0.00,0.53,0.00,
0.00,0.53,0.00,
0.00,0.52,0.00,
0.00,0.52,0.00,
0.00,0.52,0.00,
0.00,0.52,0.00,
0.00,0.52,0.00,
0.00,0.52,0.00,
0.00,0.52,0.00,
0.00,0.52,0.00,
0.00,0.52,0.00,
0.00,0.52,0.00,
0.00,0.52,0.00,
0.00,0.52,0.00,
0.00,0.52,0.00,
0.00,0.51,0.00,
0.00,0.51,0.00,
0.00,0.51,0.00,
0.00,0.51,0.00,
0.00,0.51,0.00,
0.00,0.51,0.00,
0.00,0.51,0.00,
0.00,0.51,0.00,
0.00,0.51,0.00,
0.00,0.51,0.00,
0.00,0.51,0.00,
0.00,0.51,0.00,
0.00,0.51,0.00,
0.00,0.51,0.00,
0.00,0.50,0.00,
0.00,0.50,0.00,
0.00,0.50,0.00,
0.00,0.50,0.00,
0.00,0.50,0.00,
0.00,0.50,0.00,
0.00,0.50,0.00,
0.00,0.50,0.00,
0.00,0.50,0.00,
0.00,0.50,0.00,
0.00,0.50,0.00,
0.00,0.50,0.00,
0.00,0.50,0.00,
0.00,0.50,0.00,
0.00,0.50,0.00,
0.00,0.49,0.00,
0.00,0.49,0.00,
0.00,0.49,0.00,
0.00,0.49,0.00,
0.00,0.49,0.00,
0.00,0.49,0.00,
0.00,0.49,0.00,
0.00,0.49,0.00,
0.00,0.49,0.00,
0.00,0.49,0.00,
0.00,0.49,0.00,
0.00,0.49,0.00,
0.00,0.49,0.00,
0.00,0.49,0.00,
0.00,0.49,0.00,
0.00,0.48,0.00,
0.00,0.48,0.00,
0.00,0.48,0.00,
0.00,0.48,0.00,
0.00,0.48,0.00,
0.00,0.48,0.00,
0.00,0.48,0.00,
0.00,0.48,0.00,
0.00,0.48,0.00,
0.00,0.48,0.00,
0.00,0.48,0.00,
0.00,0.48,0.00,
0.00,0.48,0.00,
0.00,0.48,0.00,
0.00,0.48,0.00,
0.00,0.47,0.00,
0.00,0.47,0.00,
0.00,0.47,0.00,
0.00,0.47,0.00,
0.00,0.47,0.00,
0.00,0.47,0.00,
0.00,0.47,0.00,
0.00,0.47,0.00,
0.00,0.47,0.00,
0.00,0.47,0.00,
0.00,0.47,0.00,
0.00,0.47,0.00,
0.00,0.47,0.00,
0.00,0.47,0.00,
0.00,0.47,0.00,
0.00,0.47,0.00,
0.00,0.46,0.00,
0.00,0.46,0.00,
0.00,0.46,0.00,
0.00,0.46,0.00,
0.00,0.46,0.00,
0.00,0.46,0.00,
0.00,0.46,0.00,
0.00,0.46,0.00,
0.00,0.46,0.00,
0.00,0.46,0.00,
0.00,0.46,0.00,
0.00,0.46,0.00,
0.00,0.46,0.00,
0.00,0.46,0.00,
0.00,0.46,0.00,
0.00,0.46,0.00,
0.00,0.46,0.00,
0.00,0.45,0.00,
0.00,0.45,0.00,
0.00,0.45,0.00,
0.00,0.45,0.00,
0.00,0.45,0.00,
0.00,0.45,0.00,
0.00,0.45,0.00,
0.00,0.45,0.00,
0.00,0.45,0.00,
0.00,0.45,0.00,
0.00,0.45,0.00,
0.00,0.45,0.00,
0.00,0.45,0.00,
0.00,0.45,0.00,
0.00,0.45,0.00,
0.00,0.45,0.00,
0.00,0.45,0.00,
0.00,0.44,0.00,
0.00,0.44,0.00,
0.00,0.44,0.00,
0.00,0.44,0.00,
0.00,0.44,0.00,
0.00,0.44,0.00,
0.00,0.44,0.00,
0.00,0.44,0.00,
0.00,0.44,0.00,
0.00,0.44,0.00,
0.00,0.44,0.00,
0.00,0.44,0.00,
0.00,0.44,0.00,
0.00,0.44,0.00,
0.00,0.44,0.00,
0.00,0.44,0.00,
0.00,0.44,0.00,
0.00,0.44,0.00,
0.00,0.44,0.00,
0.00,0.43,0.00,
0.00,0.43,0.00,
0.00,0.43,0.00,
0.00,0.43,0.00,
0.00,0.43,0.00,
0.00,0.43,0.00,
0.00,0.43,0.00,
0.00,0.43,0.00,
0.00,0.43,0.00,
0.00,0.43,0.00,
0.00,0.43,0.00,
0.00,0.43,0.00,
0.00,0.43,0.00,
0.00,0.43,0.00,
0.00,0.43,0.00,
0.00,0.43,0.00,
0.00,0.43,0.00,
0.00,0.43,0.00,
0.00,0.43,0.00,
0.00,0.42,0.00,
0.00,0.42,0.00,
0.00,0.42,0.00,
0.00,0.42,0.00,
0.00,0.42,0.00,
0.00,0.42,0.00,
0.00,0.42,0.00,
0.00,0.42,0.00,
0.00,0.42,0.00,
0.00,0.42,0.00,
0.00,0.42,0.00,
0.00,0.42,0.00,
0.00,0.42,0.00,
0.00,0.42,0.00,
0.00,0.42,0.00,
0.00,0.42,0.00,
0.00,0.42,0.00,
0.00,0.42,0.00,
0.00,0.42,0.00,
0.00,0.42,0.00,
0.00,0.42,0.00,
0.00,0.41,0.00,
0.00,0.41,0.00,
0.00,0.41,0.00,
0.00,0.41,0.00,
0.00,0.41,0.00,
0.00,0.41,0.00,
0.00,0.41,0.00,
0.00,0.41,0.00,
0.00,0.41,0.00,
0.00,0.41,0.00,
0.00,0.41,0.00,
0.00,0.41,0.00,
0.00,0.41,0.00,
0.00,0.41,0.00,
0.00,0.41,0.00,
0.00,0.41,0.00,
0.00,0.41,0.00,
0.00,0.41,0.00,
0.00,0.41,0.00,
0.00,0.41,0.00,
0.00,0.41,0.00,
0.00,0.41,0.00,
0.00,0.40,0.00,
0.00,0.40,0.00,
0.00,0.40,0.00,
0.00,0.40,0.00,
0.00,0.40,0.00,
0.00,0.40,0.00,
0.00,0.40,0.00,
0.00,0.40,0.00,
0.00,0.40,0.00,
0.00,0.40,0.00,
0.00,0.40,0.00,
0.00,0.40,0.00,
0.00,0.40,0.00,
0.00,0.40,0.00,
0.00,0.40,0.00,
0.00,0.40,0.00,
0.00,0.40,0.00,
0.00,0.40,0.00,
0.00,0.40,0.00,
0.00,0.40,0.00,
0.00,0.40,0.00,
0.00,0.40,0.00,
0.00,0.40,0.00,
0.00,0.39,0.00,
0.00,0.39,0.00,
0.00,0.39,0.00,
0.00,0.39,0.00,
0.00,0.39,0.00,
0.00,0.39,0.00,
0.00,0.39,0.00,
0.00,0.39,0.00,
0.00,0.39,0.00,
0.00,0.39,0.00,
0.00,0.39,0.00,
0.00,0.39,0.00,
0.00,0.39,0.00,
0.00,0.39,0.00,
0.00,0.39,0.00,
0.00,0.39,0.00,
0.00,0.39,0.00,
0.00,0.39,0.00,
0.00,0.39,0.00,
0.00,0.39,0.00,
0.00,0.39,0.00,
0.00,0.39,0.00,
0.00,0.39,0.00,
0.00,0.39,0.00,
0.00,0.39,0.00,
0.00,0.39,0.00,
0.00,0.38,0.00,
0.00,0.38,0.00,
0.00,0.38,0.00,
0.00,0.38,0.00,
0.00,0.38,0.00,
0.00,0.38,0.00,
0.00,0.38,0.00,
0.00,0.38,0.00,
0.00,0.38,0.00,
0.00,0.38,0.00,
0.00,0.38,0.00,
0.00,0.38,0.00,
0.00,0.38,0.00,
0.00,0.38,0.00,
0.00,0.38,0.00,
0.00,0.38,0.00,
0.00,0.38,0.00,
0.00,0.38,0.00,
0.00,0.38,0.00,
0.00,0.38,0.00,
0.00,0.38,0.00,
0.00,0.38,0.00,
0.00,0.38,0.00,
0.00,0.38,0.00,
0.00,0.38,0.00,
0.00,0.38,0.00,
0.00,0.38,0.00,
0.00,0.38,0.00,
0.00,0.37,0.00,
0.00,0.37,0.00,
0.00,0.37,0.00,
0.00,0.37,0.00,
0.00,0.37,0.00,
0.00,0.37,0.00,
0.00,0.37,0.00,
0.00,0.37,0.00,
0.00,0.37,0.00,
0.00,0.37,0.00,
0.00,0.37,0.00,
0.00,0.37,0.00,
0.00,0.37,0.00,
0.00,0.37,0.00,
0.00,0.37,0.00,
0.00,0.37,0.00,
0.00,0.37,0.00,
0.00,0.37,0.00,
0.00,0.37,0.00,
0.00,0.37,0.00,
0.00,0.37,0.00,
0.00,0.37,0.00,
0.00,0.37,0.00,
0.00,0.37,0.00,
0.00,0.37,0.00,
0.00,0.37,0.00,
0.00,0.37,0.00,
0.00,0.37,0.00,
0.00,0.37,0.00,
0.00,0.37,0.00,
0.00,0.37,0.00,
0.00,0.36,0.00,
0.00,0.36,0.00,
0.00,0.36,0.00,
0.00,0.36,0.00,
0.00,0.36,0.00,
0.00,0.36,0.00,
0.00,0.36,0.00,
0.00,0.36,0.00,
0.00,0.36,0.00,
0.00,0.36,0.00,
0.00,0.36,0.00,
0.00,0.36,0.00,
0.00,0.36,0.00,
0.00,0.36,0.00,
0.00,0.36,0.00,
0.00,0.36,0.00,
0.00,0.36,0.00,
0.00,0.36,0.00,
0.00,0.36,0.00,
0.00,0.36,0.00,
0.00,0.36,0.00,
0.00,0.36,0.00,
0.00,0.36,0.00,
0.00,0.36,0.00,
0.00,0.36,0.00,
0.00,0.36,0.00,
0.00,0.36,0.00,
0.00,0.36,0.00,
0.00,0.36,0.00,
0.00,0.36,0.00,
0.00,0.36,0.00,
0.00,0.36,0.00,
0.00,0.36,0.00,
0.00,0.36,0.00,
0.00,0.35,0.00,
0.00,0.35,0.00,
0.00,0.35,0.00,
0.00,0.35,0.00,
0.00,0.35,0.00,
0.00,0.35,0.00,
0.00,0.35,0.00,
0.00,0.35,0.00,
0.00,0.35,0.00,
0.00,0.35,0.00,
0.00,0.35,0.00,
0.00,0.35,0.00,
0.00,0.35,0.00,
0.00,0.35,0.00,
0.00,0.35,0.00,
0.00,0.35,0.00,
0.00,0.35,0.00,
0.00,0.35,0.00,
0.00,0.35,0.00,
0.00,0.35,0.00,
0.00,0.35,0.00,
0.00,0.35,0.00,
0.00,0.35,0.00,
0.00,0.35,0.00,
0.00,0.35,0.00,
0.00,0.35,0.00,
0.00,0.35,0.00,
0.00,0.35,0.00,
0.00,0.35,0.00,
0.00,0.35,0.00,
0.00,0.35,0.00,
0.00,0.35,0.00,
0.00,0.35,0.00,
0.00,0.35,0.00,
0.00,0.35,0.00,
0.00,0.35,0.00,
0.00,0.35,0.00,
0.00,0.35,0.00,
0.00,0.35,0.00,
0.00,0.35,0.00,
0.00,0.34,0.00,
0.00,0.34,0.00,
0.00,0.34,0.00,
0.00,0.34,0.00,
0.00,0.34,0.00,
0.00,0.34,0.00,
0.00,0.34,0.00,
0.00,0.34,0.00,
0.00,0.34,0.00,
0.00,0.34,0.00,
0.00,0.34,0.00,
0.00,0.34,0.00,
0.00,0.34,0.00,
0.00,0.34,0.00,
0.00,0.34,0.00,
0.00,0.34,0.00,
0.00,0.34,0.00,
0.00,0.34,0.00,
0.00,0.34,0.00,
0.00,0.34,0.00,
0.00,0.34,0.00,
0.00,0.34,0.00,
0.00,0.34,0.00,
0.00,0.34,0.00,
0.00,0.34,0.00,
0.00,0.34,0.00,
0.00,0.34,0.00,
0.00,0.34,0.00,
0.00,0.34,0.00,
0.00,0.34,0.00,
0.00,0.34,0.00,
0.00,0.34,0.00,
0.00,0.34,0.00,
0.00,0.34,0.00,
0.00,0.34,0.00,
0.00,0.34,0.00,
0.00,0.34,0.00,
0.00,0.34,0.00,
0.00,0.34,0.00,
0.00,0.34,0.00,
0.00,0.34,0.00,
0.00,0.34,0.00,
0.00,0.34,0.00,
0.00,0.34,0.00,
0.00,0.34,0.00,
0.00,0.34,0.00,
0.00,0.33,0.00,
0.00,0.33,0.00,
0.00,0.33,0.00,
0.00,0.33,0.00,
0.00,0.33,0.00,
0.00,0.33,0.00,
0.00,0.33,0.00,
0.00,0.33,0.00,
0.00,0.33,0.00,
0.00,0.33,0.00,
0.00,0.33,0.00,
0.00,0.33,0.00,
0.00,0.33,0.00,
0.00,0.33,0.00,
0.00,0.33,0.00,
0.00,0.33,0.00,
0.00,0.33,0.00,
0.00,0.33,0.00,
0.00,0.33,0.00,
0.00,0.33,0.00,
0.00,0.33,0.00,
0.00,0.33,0.00,
0.00,0.33,0.00,
0.00,0.33,0.00,
0.00,0.33,0.00,
0.00,0.33,0.00,
0.00,0.33,0.00,
0.00,0.33,0.00,
0.00,0.33,0.00,
0.00,0.33,0.00,
0.00,0.33,0.00,
0.00,0.33,0.00,
0.00,0.33,0.00,
0.00,0.33,0.00,
0.00,0.33,0.00,
0.00,0.33,0.00,
0.00,0.33,0.00,
0.00,0.33,0.00,
0.00,0.33,0.00,
0.00,0.33,0.00,
0.00,0.33,0.00,
0.00,0.33,0.00,
0.00,0.33,0.00,
0.00,0.33,0.00,
0.00,0.33,0.00,
0.00,0.33,0.00,
0.00,0.33,0.00,
0.00,0.33,0.00,
0.00,0.33,0.00,
0.00,0.33,0.00,
0.00,0.33,0.00,
0.00,0.33,0.00,
0.00,0.33,0.00,
0.00,0.33,0.00,
0.00,0.33,0.00,
0.00,0.33,0.00,
0.00,0.32,0.00,
0.00,0.32,0.00,
0.00,0.32,0.00,
0.00,0.32,0.00,
0.00,0.32,0.00,
0.00,0.32,0.00,
0.00,0.32,0.00,
0.00,0.32,0.00,
0.00,0.32,0.00,
0.00,0.32,0.00,
0.00,0.32,0.00,
0.00,0.32,0.00,
0.00,0.32,0.00,
0.00,0.32,0.00,
0.00,0.32,0.00,
0.00,0.32,0.00,
0.00,0.32,0.00,
0.00,0.32,0.00,
0.00,0.32,0.00,
0.00,0.32,0.00,
0.00,0.32,0.00,
0.00,0.32,0.00,
0.00,0.32,0.00,
0.00,0.32,0.00,
0.00,0.32,0.00,
0.00,0.32,0.00,
0.00,0.32,0.00,
0.00,0.32,0.00,
0.00,0.32,0.01,
0.00,0.32,0.01,
0.00,0.32,0.01,
0.00,0.32,0.01,
0.00,0.32,0.01,
0.00,0.32,0.01,
0.00,0.32,0.01,
0.00,0.32,0.01,
0.00,0.32,0.01,
0.00,0.32,0.01,
0.00,0.32,0.01,
0.00,0.32,0.01,
0.00,0.32,0.01,
0.00,0.32,0.01,
0.00,0.32,0.01,
0.00,0.31,0.02,
0.00,0.31,0.02,
0.00,0.31,0.02,
0.00,0.31,0.02,
0.00,0.31,0.02,
0.00,0.31,0.02,
0.00,0.31,0.02,
0.00,0.31,0.02,
0.00,0.31,0.02,
0.00,0.31,0.02,
0.00,0.31,0.02,
0.00,0.31,0.02,
0.00,0.31,0.02,
0.00,0.31,0.03,
0.00,0.31,0.03,
0.00,0.31,0.03,
0.00,0.31,0.03,
0.00,0.31,0.03,
0.00,0.30,0.03,
0.00,0.30,0.03,
0.00,0.30,0.03,
0.00,0.30,0.03,
0.00,0.30,0.03,
0.00,0.30,0.03,
0.00,0.30,0.03,
0.00,0.30,0.04,
0.00,0.30,0.04,
0.00,0.30,0.04,
0.00,0.30,0.04,
0.00,0.30,0.04,
0.00,0.30,0.04,
0.00,0.29,0.04,
0.00,0.29,0.04,
0.00,0.29,0.04,
0.00,0.29,0.04,
0.00,0.29,0.05,
0.00,0.29,0.05,
0.00,0.29,0.05,
0.00,0.29,0.05,
0.00,0.29,0.05,
0.00,0.29,0.05,
0.00,0.28,0.05,
0.00,0.28,0.05,
0.00,0.28,0.05,
0.00,0.28,0.05,
0.00,0.28,0.06,
0.00,0.28,0.06,
0.00,0.28,0.06,
0.00,0.28,0.06,
0.00,0.28,0.06,
0.00,0.27,0.06,
0.00,0.27,0.06,
0.00,0.27,0.06,
0.00,0.27,0.07,
0.00,0.27,0.07,
0.00,0.27,0.07,
0.00,0.27,0.07,
0.00,0.27,0.07,
0.00,0.26,0.07,
0.00,0.26,0.07,
0.00,0.26,0.07,
0.00,0.26,0.08,
0.00,0.26,0.08,
0.00,0.26,0.08,
0.00,0.26,0.08,
0.00,0.25,0.08,
0.00,0.25,0.08,
0.00,0.25,0.09,
0.00,0.25,0.09,
0.00,0.25,0.09,
0.00,0.25,0.09,
0.00,0.25,0.09,
0.00,0.24,0.09,
0.00,0.24,0.09,
0.00,0.24,0.10,
0.00,0.24,0.10,
0.00,0.24,0.10,
0.00,0.24,0.10,
0.00,0.23,0.10,
0.00,0.23,0.11,
0.00,0.23,0.11,
0.00,0.23,0.11,
0.00,0.23,0.11,
0.00,0.22,0.11,
0.00,0.22,0.11,
0.00,0.22,0.12,
0.00,0.22,0.12,
0.00,0.22,0.12,
0.00,0.21,0.12,
0.00,0.21,0.12,
0.00,0.21,0.13,
0.00,0.21,0.13,
0.00,0.21,0.13,
0.00,0.20,0.13,
0.00,0.20,0.14,
0.00,0.20,0.14,
0.00,0.20,0.14,
0.00,0.20,0.14,
0.00,0.19,0.14,
0.00,0.19,0.15,
0.00,0.19,0.15,
0.00,0.19,0.15,
0.00,0.18,0.15,
0.00,0.18,0.16,
0.00,0.18,0.16,
0.00,0.18,0.16,
0.00,0.17,0.16,
0.00,0.17,0.17,
0.00,0.17,0.17,
0.00,0.17,0.17,
0.00,0.16,0.17,
0.00,0.16,0.18,
0.00,0.16,0.18,
0.00,0.15,0.18,
0.00,0.15,0.19,
0.00,0.15,0.19,
0.00,0.15,0.19,
0.00,0.14,0.19,
0.00,0.14,0.20,
0.00,0.14,0.20,
0.00,0.13,0.20,
0.00,0.13,0.21,
0.00,0.13,0.21,
0.00,0.12,0.21,
0.00,0.12,0.22,
0.00,0.12,0.22,
0.00,0.11,0.22,
0.00,0.11,0.23,
0.00,0.11,0.23,
0.00,0.10,0.23,
0.00,0.10,0.24,
0.00,0.10,0.24,
0.00,0.09,0.24,
0.00,0.09,0.25,
0.00,0.09,0.25,
0.00,0.08,0.26,
0.00,0.08,0.26,
0.00,0.07,0.26,
0.00,0.07,0.27,
0.00,0.07,0.27,
0.00,0.06,0.28,
0.00,0.06,0.28,
0.00,0.05,0.28,
0.00,0.05,0.29,
0.00,0.05,0.29,
0.00,0.04,0.30,
0.00,0.04,0.30,
0.00,0.03,0.30,
0.00,0.03,0.31,
0.00,0.02,0.31,
0.00,0.02,0.32,
0.00,0.01,0.32,
0.00,0.01,0.33,
0.00,0.00,0.33,
0.00,0.00,0.34,
0.00,0.00,0.34,
0.00,0.00,0.35,
0.00,0.00,0.35,
0.00,0.00,0.36,
0.00,0.00,0.36,
0.00,0.00,0.37,
0.00,0.00,0.37,
0.00,0.00,0.38,
0.00,0.00,0.38,
0.00,0.00,0.38,
0.00,0.00,0.39,
0.00,0.00,0.39,
0.00,0.00,0.40,
0.00,0.00,0.40,
0.00,0.00,0.41,
0.00,0.00,0.41,
0.00,0.00,0.41,
0.00,0.00,0.42,
0.00,0.00,0.42,
0.00,0.00,0.43,
0.00,0.00,0.43,
0.00,0.00,0.43,
0.00,0.00,0.44,
0.00,0.00,0.44,
0.00,0.00,0.45,
0.00,0.00,0.45,
0.00,0.00,0.45,
0.00,0.00,0.46,
0.00,0.00,0.46,
0.00,0.00,0.46,
0.00,0.00,0.47,
0.00,0.00,0.47,
0.00,0.00,0.47,
0.00,0.00,0.48,
0.00,0.00,0.48,
0.00,0.00,0.48,
0.00,0.00,0.49,
0.00,0.00,0.49,
0.00,0.00,0.49,
0.00,0.00,0.50,
0.00,0.00,0.50,
0.00,0.00,0.50,
0.00,0.00,0.51,
0.00,0.00,0.51,
0.00,0.00,0.51,
0.00,0.00,0.51,
0.00,0.00,0.52,
0.00,0.00,0.52,
0.00,0.00,0.52,
0.00,0.00,0.53,
0.00,0.00,0.53,
0.00,0.00,0.53,
0.00,0.00,0.53,
0.00,0.00,0.54,
0.00,0.00,0.54,
0.00,0.00,0.54,
0.00,0.00,0.54,
0.00,0.00,0.55,
0.00,0.00,0.55,
0.00,0.00,0.55,
0.00,0.00,0.55,
0.00,0.00,0.56,
0.00,0.00,0.56,
0.00,0.00,0.56,
0.00,0.00,0.56,
0.00,0.00,0.57,
0.00,0.00,0.57,
0.00,0.00,0.57,
0.00,0.00,0.57,
0.00,0.00,0.58,
0.00,0.00,0.58,
0.00,0.00,0.58,
0.00,0.00,0.58,
0.00,0.00,0.58,
0.00,0.00,0.59,
0.00,0.00,0.59,
0.00,0.00,0.59,
0.00,0.00,0.59,
0.00,0.00,0.59,
0.00,0.00,0.60,
0.00,0.00,0.60,
0.00,0.00,0.60,
0.00,0.00,0.60,
0.00,0.00,0.60,
0.00,0.00,0.60,
0.00,0.00,0.61,
0.00,0.00,0.61,
0.00,0.00,0.61,
0.00,0.00,0.61,
0.00,0.00,0.61,
0.00,0.00,0.61,
0.00,0.00,0.62,
0.00,0.00,0.62,
0.00,0.00,0.62,
0.00,0.00,0.62,
0.00,0.00,0.62,
0.00,0.00,0.62,
0.00,0.00,0.62,
0.00,0.00,0.63,
0.00,0.00,0.63,
0.00,0.00,0.63,
0.00,0.00,0.63,
0.00,0.00,0.63,
0.00,0.00,0.63,
0.00,0.00,0.63,
0.00,0.00,0.63,
0.00,0.00,0.64,
0.00,0.00,0.64,
0.00,0.00,0.64,
0.00,0.00,0.64,
0.00,0.00,0.64,
0.00,0.00,0.64,
0.00,0.00,0.64,
0.00,0.00,0.64,
0.00,0.00,0.64,
0.00,0.00,0.65,
0.00,0.00,0.65,
0.00,0.00,0.65,
0.00,0.00,0.65,
0.00,0.00,0.65,
0.00,0.00,0.65,
0.00,0.00,0.65,
0.00,0.00,0.65,
0.00,0.00,0.65,
0.00,0.00,0.65,
0.00,0.00,0.65,
0.00,0.00,0.66,
0.00,0.00,0.66,
0.00,0.00,0.66,
0.00,0.00,0.66,
0.00,0.00,0.66,
0.00,0.00,0.66,
0.00,0.00,0.66,
0.00,0.00,0.66,
0.00,0.00,0.66,
0.00,0.00,0.66,
0.00,0.00,0.66,
0.00,0.00,0.66,
0.00,0.00,0.66,
0.00,0.00,0.66,
0.00,0.00,0.67,
0.00,0.00,0.67,
0.00,0.00,0.67,
0.00,0.00,0.67,
0.00,0.00,0.67,
0.00,0.00,0.67,
0.00,0.00,0.67,
0.00,0.00,0.67,
0.00,0.00,0.67,
0.00,0.00,0.67,
0.00,0.00,0.67,
0.00,0.00,0.67,
0.00,0.00,0.67,
0.00,0.00,0.67,
0.00,0.00,0.67,
0.00,0.00,0.67,
0.00,0.00,0.67,
0.00,0.00,0.67,
0.00,0.00,0.67,
0.00,0.00,0.67,
0.00,0.00,0.67,
0.00,0.00,0.67,
0.00,0.00,0.67,
0.00,0.00,0.67,
0.00,0.00,0.67,
0.00,0.00,0.67,
0.00,0.00,0.68,
0.00,0.00,0.68,
0.00,0.00,0.68,
0.00,0.00,0.68,
0.00,0.00,0.68,
0.00,0.00,0.68,
0.00,0.00,0.68,
0.00,0.00,0.68,
0.00,0.00,0.68,
0.00,0.00,0.68,
0.00,0.00,0.68,
0.00,0.00,0.68,
0.00,0.00,0.68,
0.00,0.00,0.68,
0.00,0.00,0.68,
0.00,0.00,0.68,
0.00,0.00,0.68,
0.00,0.00,0.68,
0.00,0.00,0.68,
0.00,0.00,0.68,
0.00,0.00,0.68,
0.00,0.00,0.68,
0.00,0.00,0.68,
0.00,0.00,0.68,
0.00,0.00,0.68,
0.00,0.00,0.68,
0.00,0.00,0.68,
0.00,0.00,0.68,
0.00,0.00,0.68,
0.00,0.00,0.68,
0.00,0.00,0.68,
0.00,0.00,0.68,
0.00,0.00,0.68,
0.00,0.00,0.68,
0.00,0.00,0.68,
0.00,0.00,0.68,
0.00,0.00,0.68,
0.00,0.00,0.67,
0.00,0.00,0.67,
0.00,0.00,0.67,
0.00,0.00,0.67,
0.00,0.00,0.67,
0.00,0.00,0.67,
0.00,0.00,0.67,
0.00,0.00,0.67,
0.00,0.00,0.67,
0.00,0.00,0.67,
0.00,0.00,0.67,
0.00,0.00,0.67,
0.00,0.00,0.67,
0.00,0.00,0.67,
0.00,0.00,0.67,
0.00,0.00,0.67,
0.00,0.00,0.67,
0.00,0.00,0.67,
0.00,0.00,0.67,
0.00,0.00,0.67,
0.00,0.00,0.67,
0.00,0.00,0.67,
0.00,0.00,0.67,
0.00,0.00,0.67,
0.00,0.00,0.67,
0.00,0.00,0.67,
0.00,0.00,0.67,
0.00,0.00,0.67,
0.00,0.00,0.67,
0.00,0.00,0.67,
0.00,0.00,0.67,
0.00,0.00,0.67,
0.00,0.00,0.67,
0.00,0.00,0.66,
0.00,0.00,0.66,
0.00,0.00,0.66,
0.00,0.00,0.66,
0.00,0.00,0.66,
0.00,0.00,0.66,
0.00,0.00,0.66,
0.00,0.00,0.66,
0.00,0.00,0.66,
0.00,0.00,0.66,
0.00,0.00,0.66,
0.00,0.00,0.66,
0.00,0.00,0.66,
0.00,0.00,0.66,
0.00,0.00,0.66,
0.00,0.00,0.66,
0.00,0.00,0.66,
0.00,0.00,0.66,
0.00,0.00,0.66,
0.00,0.00,0.66,
0.00,0.00,0.66,
0.00,0.00,0.66,
0.00,0.00,0.65,
0.00,0.00,0.65,
0.00,0.00,0.65,
0.00,0.00,0.65,
0.00,0.00,0.65,
0.00,0.00,0.65,
0.00,0.00,0.65,
0.00,0.00,0.65,
0.00,0.00,0.65,
0.00,0.00,0.65,
0.00,0.00,0.65,
0.00,0.00,0.65,
0.00,0.00,0.65,
0.00,0.00,0.65,
0.00,0.00,0.65,
0.00,0.00,0.65,
0.00,0.00,0.65,
0.00,0.00,0.65,
0.00,0.00,0.64,
0.00,0.00,0.64,
0.00,0.00,0.64,
0.00,0.00,0.64,
0.00,0.00,0.64,
0.00,0.00,0.64,
0.00,0.00,0.64,
0.00,0.00,0.64,
0.00,0.00,0.64,
0.00,0.00,0.64,
0.00,0.00,0.64,
0.00,0.00,0.64,
0.00,0.00,0.64,
0.00,0.00,0.64,
0.00,0.00,0.64,
0.00,0.00,0.64,
0.00,0.00,0.63,
0.00,0.00,0.63,
0.00,0.00,0.63,
0.00,0.00,0.63,
0.00,0.00,0.63,
0.00,0.00,0.63,
0.00,0.00,0.63,
0.00,0.00,0.63,
0.00,0.00,0.63,
0.00,0.00,0.63,
0.00,0.00,0.63,
0.00,0.00,0.63,
0.00,0.00,0.63,
0.00,0.00,0.63,
0.00,0.00,0.63,
0.00,0.00,0.62,
0.00,0.00,0.62,
0.00,0.00,0.62,
0.00,0.00,0.62,
0.00,0.00,0.62,
0.00,0.00,0.62,
0.00,0.00,0.62,
0.00,0.00,0.62,
0.00,0.00,0.62,
0.00,0.00,0.62,
0.00,0.00,0.62,
0.00,0.00,0.62,
0.00,0.00,0.62,
0.00,0.00,0.62,
0.00,0.00,0.62,
0.00,0.00,0.61,
0.00,0.00,0.61,
0.00,0.00,0.61,
0.00,0.00,0.61,
0.00,0.00,0.61,
0.00,0.00,0.61,
0.00,0.00,0.61,
0.00,0.00,0.61,
0.00,0.00,0.61,
0.00,0.00,0.61,
0.00,0.00,0.61,
0.00,0.00,0.61,
0.00,0.00,0.61,
0.00,0.00,0.61,
0.00,0.00,0.60,
0.00,0.00,0.60,
0.00,0.00,0.60,
0.00,0.00,0.60,
0.00,0.00,0.60,
0.00,0.00,0.60,
0.00,0.00,0.60,
0.00,0.00,0.60,
0.00,0.00,0.60,
0.00,0.00,0.60,
0.00,0.00,0.60,
0.00,0.00,0.60,
0.00,0.00,0.60,
0.00,0.00,0.60,
0.00,0.00,0.59,
0.00,0.00,0.59,
0.00,0.00,0.59,
0.00,0.00,0.59,
0.00,0.00,0.59,
0.00,0.00,0.59,
0.00,0.00,0.59,
0.00,0.00,0.59,
0.00,0.00,0.59,
0.00,0.00,0.59,
0.00,0.00,0.59,
0.00,0.00,0.59,
0.00,0.00,0.59,
0.00,0.00,0.59,
0.00,0.00,0.58,
0.00,0.00,0.58,
0.00,0.00,0.58,
0.00,0.00,0.58,
0.00,0.00,0.58,
0.00,0.00,0.58,
0.00,0.00,0.58,
0.00,0.00,0.58,
0.00,0.00,0.58,
0.00,0.00,0.58,
0.00,0.00,0.58,
0.00,0.00,0.58,
0.00,0.00,0.58,
0.00,0.00,0.57,
0.00,0.00,0.57,
0.00,0.00,0.57,
0.00,0.00,0.57,
0.00,0.00,0.57,
0.00,0.00,0.57,
0.00,0.00,0.57,
0.00,0.00,0.57,
0.00,0.00,0.57,
0.00,0.00,0.57,
0.00,0.00,0.57,
0.00,0.00,0.57,
0.00,0.00,0.57,
0.00,0.00,0.57,
0.00,0.00,0.56,
0.00,0.00,0.56,
0.00,0.00,0.56,
0.00,0.00,0.56,
0.00,0.00,0.56,
0.00,0.00,0.56,
0.00,0.00,0.56,
0.00,0.00,0.56,
0.00,0.00,0.56,
0.00,0.00,0.56,
0.00,0.00,0.56,
0.00,0.00,0.56,
0.00,0.00,0.56,
0.00,0.00,0.55,
0.00,0.00,0.55,
0.00,0.00,0.55,
0.00,0.00,0.55,
0.00,0.00,0.55,
0.00,0.00,0.55,
0.00,0.00,0.55,
0.00,0.00,0.55,
0.00,0.00,0.55,
0.00,0.00,0.55,
0.00,0.00,0.55,
0.00,0.00,0.55,
0.00,0.00,0.55,
0.00,0.00,0.55,
0.00,0.00,0.54,
0.00,0.00,0.54,
0.00,0.00,0.54,
0.00,0.00,0.54,
0.00,0.00,0.54,
0.00,0.00,0.54,
0.00,0.00,0.54,
0.00,0.00,0.54,
0.00,0.00,0.54,
0.00,0.00,0.54,
0.00,0.00,0.54,
0.00,0.00,0.54,
0.00,0.00,0.54,
0.00,0.00,0.54,
0.00,0.00,0.53,
0.00,0.00,0.53,
0.00,0.00,0.53,
0.00,0.00,0.53,
0.00,0.00,0.53,
0.00,0.00,0.53,
0.00,0.00,0.53,
0.00,0.00,0.53,
0.00,0.00,0.53,
0.00,0.00,0.53,
0.00,0.00,0.53,
0.00,0.00,0.53,
0.00,0.00,0.53,
0.00,0.00,0.53,
0.00,0.00,0.52,
0.00,0.00,0.52,
0.00,0.00,0.52,
0.00,0.00,0.52,
0.00,0.00,0.52,
0.00,0.00,0.52,
0.00,0.00,0.52,
0.00,0.00,0.52,
0.00,0.00,0.52,
0.00,0.00,0.52,
0.00,0.00,0.52,
0.00,0.00,0.52,
0.00,0.00,0.52,
0.00,0.00,0.52,
0.00,0.00,0.52,
0.00,0.00,0.51,
0.00,0.00,0.51,
0.00,0.00,0.51,
0.00,0.00,0.51,
0.00,0.00,0.51,
0.00,0.00,0.51,
0.00,0.00,0.51,
0.00,0.00,0.51,
0.00,0.00,0.51,
0.00,0.00,0.51,
0.00,0.00,0.51,
0.00,0.00,0.51,
0.00,0.00,0.51,
0.00,0.00,0.51,
0.00,0.00,0.50,
0.00,0.00,0.50,
0.00,0.00,0.50,
0.00,0.00,0.50,
0.00,0.00,0.50,
0.00,0.00,0.50,
0.00,0.00,0.50,
0.00,0.00,0.50,
0.00,0.00,0.50,
0.00,0.00,0.50,
0.00,0.00,0.50,
0.00,0.00,0.50,
0.00,0.00,0.50,
0.00,0.00,0.50,
0.00,0.00,0.50,
0.00,0.00,0.49,
0.00,0.00,0.49,
0.00,0.00,0.49,
0.00,0.00,0.49,
0.00,0.00,0.49,
0.00,0.00,0.49,
0.00,0.00,0.49,
0.00,0.00,0.49,
0.00,0.00,0.49,
0.00,0.00,0.49,
0.00,0.00,0.49,
0.00,0.00,0.49,
0.00,0.00,0.49,
0.00,0.00,0.49,
0.00,0.00,0.49,
0.00,0.00,0.49,
0.00,0.00,0.48,
0.00,0.00,0.48,
0.00,0.00,0.48,
0.00,0.00,0.48,
0.00,0.00,0.48,
0.00,0.00,0.48,
0.00,0.00,0.48,
0.00,0.00,0.48,
0.00,0.00,0.48,
0.00,0.00,0.48,
0.00,0.00,0.48,
0.00,0.00,0.48,
0.00,0.00,0.48,
0.00,0.00,0.48,
0.00,0.00,0.48,
0.00,0.00,0.48,
0.00,0.00,0.47,
0.00,0.00,0.47,
0.00,0.00,0.47,
0.00,0.00,0.47,
0.00,0.00,0.47,
0.00,0.00,0.47,
0.00,0.00,0.47,
0.00,0.00,0.47,
0.00,0.00,0.47,
0.00,0.00,0.47,
0.00,0.00,0.47,
0.00,0.00,0.47,
0.00,0.00,0.47,
0.00,0.00,0.47,
0.00,0.00,0.47,
0.00,0.00,0.47,
0.00,0.00,0.47,
0.00,0.00,0.46,
0.00,0.00,0.46,
0.00,0.00,0.46,
0.00,0.00,0.46,
0.00,0.00,0.46,
0.00,0.00,0.46,
0.00,0.00,0.46,
0.00,0.00,0.46,
0.00,0.00,0.46,
0.00,0.00,0.46,
0.00,0.00,0.46,
0.00,0.00,0.46,
0.00,0.00,0.46,
0.00,0.00,0.46,
0.00,0.00,0.46,
0.00,0.00,0.46,
0.00,0.00,0.46,
0.00,0.00,0.45,
0.00,0.00,0.45,
0.00,0.00,0.45,
0.00,0.00,0.45,
0.00,0.00,0.45,
0.00,0.00,0.45,
0.00,0.00,0.45,
0.00,0.00,0.45,
0.00,0.00,0.45,
0.00,0.00,0.45,
0.00,0.00,0.45,
0.00,0.00,0.45,
0.00,0.00,0.45,
0.00,0.00,0.45,
0.00,0.00,0.45,
0.00,0.00,0.45,
0.00,0.00,0.45,
0.00,0.00,0.45,
0.00,0.00,0.44,
0.00,0.00,0.44,
0.00,0.00,0.44,
0.00,0.00,0.44,
0.00,0.00,0.44,
0.00,0.00,0.44,
0.00,0.00,0.44,
0.00,0.00,0.44,
0.00,0.00,0.44,
0.00,0.00,0.44,
0.00,0.00,0.44,
0.00,0.00,0.44,
0.00,0.00,0.44,
0.00,0.00,0.44,
0.00,0.00,0.44,
0.00,0.00,0.44,
0.00,0.00,0.44,
0.00,0.00,0.44,
0.00,0.00,0.44,
0.00,0.00,0.43,
0.00,0.00,0.43,
0.00,0.00,0.43,
0.00,0.00,0.43,
0.00,0.00,0.43,
0.00,0.00,0.43,
0.00,0.00,0.43,
0.00,0.00,0.43,
0.00,0.00,0.43,
0.00,0.00,0.43,
0.00,0.00,0.43,
0.00,0.00,0.43,
0.00,0.00,0.43,
0.00,0.00,0.43,
0.00,0.00,0.43,
0.00,0.00,0.43,
0.00,0.00,0.43,
0.00,0.00,0.43,
0.00,0.00,0.43,
0.00,0.00,0.43,
0.00,0.00,0.42,
0.00,0.00,0.42,
0.00,0.00,0.42,
0.00,0.00,0.42,
0.00,0.00,0.42,
0.00,0.00,0.42,
0.00,0.00,0.42,
0.00,0.00,0.42,
0.00,0.00,0.42,
0.00,0.00,0.42,
0.00,0.00,0.42,
0.00,0.00,0.42,
0.00,0.00,0.42,
0.00,0.00,0.42,
0.00,0.00,0.42,
0.00,0.00,0.42,
0.00,0.00,0.42,
0.00,0.00,0.42,
0.00,0.00,0.42,
0.00,0.00,0.42,
0.00,0.00,0.42,
0.00,0.00,0.41,
0.00,0.00,0.41,
0.00,0.00,0.41,
0.00,0.00,0.41,
0.00,0.00,0.41,
0.00,0.00,0.41,
0.00,0.00,0.41,
0.00,0.00,0.41,
0.00,0.00,0.41,
0.00,0.00,0.41,
0.00,0.00,0.41,
0.00,0.00,0.41,
0.00,0.00,0.41,
0.00,0.00,0.41,
0.00,0.00,0.41,
0.00,0.00,0.41,
0.00,0.00,0.41,
0.00,0.00,0.41,
0.00,0.00,0.41,
0.00,0.00,0.41,
0.00,0.00,0.41,
0.00,0.00,0.41,
0.00,0.00,0.40,
0.00,0.00,0.40,
0.00,0.00,0.40,
0.00,0.00,0.40,
0.00,0.00,0.40,
0.00,0.00,0.40,
0.00,0.00,0.40,
0.00,0.00,0.40,
0.00,0.00,0.40,
0.00,0.00,0.40,
0.00,0.00,0.40,
0.00,0.00,0.40,
0.00,0.00,0.40,
0.00,0.00,0.40,
0.00,0.00,0.40,
0.00,0.00,0.40,
0.00,0.00,0.40,
0.00,0.00,0.40,
0.00,0.00,0.40,
0.00,0.00,0.40,
0.00,0.00,0.40,
0.00,0.00,0.40,
0.00,0.00,0.40,
0.00,0.00,0.40,
0.00,0.00,0.39,
0.00,0.00,0.39,
0.00,0.00,0.39,
0.00,0.00,0.39,
0.00,0.00,0.39,
0.00,0.00,0.39,
0.00,0.00,0.39,
0.00,0.00,0.39,
0.00,0.00,0.39,
0.00,0.00,0.39,
0.00,0.00,0.39,
0.00,0.00,0.39,
0.00,0.00,0.39,
0.00,0.00,0.39,
0.00,0.00,0.39,
0.00,0.00,0.39,
0.00,0.00,0.39,
0.00,0.00,0.39,
0.00,0.00,0.39,
0.00,0.00,0.39,
0.00,0.00,0.39,
0.00,0.00,0.39,
0.00,0.00,0.39,
0.00,0.00,0.39,
0.00,0.00,0.39,
0.00,0.00,0.39,
0.00,0.00,0.38,
0.00,0.00,0.38,
0.00,0.00,0.38,
0.00,0.00,0.38,
0.00,0.00,0.38,
0.00,0.00,0.38,
0.00,0.00,0.38,
0.00,0.00,0.38,
0.00,0.00,0.38,
0.00,0.00,0.38,
0.00,0.00,0.38,
0.00,0.00,0.38,
0.00,0.00,0.38,
0.00,0.00,0.38,
0.00,0.00,0.38,
0.00,0.00,0.38,
0.00,0.00,0.38,
0.00,0.00,0.38,
0.00,0.00,0.38,
0.00,0.00,0.38,
0.00,0.00,0.38,
0.00,0.00,0.38,
0.00,0.00,0.38,
0.00,0.00,0.38,
0.00,0.00,0.38,
0.00,0.00,0.38,
0.00,0.00,0.38,
0.00,0.00,0.38,
0.00,0.00,0.38,
0.00,0.00,0.37,
0.00,0.00,0.37,
0.00,0.00,0.37,
0.00,0.00,0.37,
0.00,0.00,0.37,
0.00,0.00,0.37,
0.00,0.00,0.37,
0.00,0.00,0.37,
0.00,0.00,0.37,
0.00,0.00,0.37,
0.00,0.00,0.37,
0.00,0.00,0.37,
0.00,0.00,0.37,
0.00,0.00,0.37,
0.00,0.00,0.37,
0.00,0.00,0.37,
0.00,0.00,0.37,
0.00,0.00,0.37,
0.00,0.00,0.37,
0.00,0.00,0.37,
0.00,0.00,0.37,
0.00,0.00,0.37,
0.00,0.00,0.37,
0.00,0.00,0.37,
0.00,0.00,0.37,
0.00,0.00,0.37,
0.00,0.00,0.37,
0.00,0.00,0.37,
0.00,0.00,0.37,
0.00,0.00,0.37,
0.00,0.00,0.37,
0.00,0.00,0.36,
0.00,0.00,0.36,
0.00,0.00,0.36,
0.00,0.00,0.36,
0.00,0.00,0.36,
0.00,0.00,0.36,
0.00,0.00,0.36,
0.00,0.00,0.36,
0.00,0.00,0.36,
0.00,0.00,0.36,
0.00,0.00,0.36,
0.00,0.00,0.36,
0.00,0.00,0.36,
0.00,0.00,0.36,
0.00,0.00,0.36,
0.00,0.00,0.36,
0.00,0.00,0.36,
0.00,0.00,0.36,
0.00,0.00,0.36,
0.00,0.00,0.36,
0.00,0.00,0.36,
0.00,0.00,0.36,
0.00,0.00,0.36,
0.00,0.00,0.36,
0.00,0.00,0.36,
0.00,0.00,0.36,
0.00,0.00,0.36,
0.00,0.00,0.36,
0.00,0.00,0.36,
0.00,0.00,0.36,
0.00,0.00,0.36,
0.00,0.00,0.36,
0.00,0.00,0.36,
0.00,0.00,0.36,
0.00,0.00,0.36,
0.00,0.00,0.35,
0.00,0.00,0.35,
0.00,0.00,0.35,
0.00,0.00,0.35,
0.00,0.00,0.35,
0.00,0.00,0.35,
0.00,0.00,0.35,
0.00,0.00,0.35,
0.00,0.00,0.35,
0.00,0.00,0.35,
0.00,0.00,0.35,
0.00,0.00,0.35,
0.00,0.00,0.35,
0.00,0.00,0.35,
0.00,0.00,0.35,
0.00,0.00,0.35,
0.00,0.00,0.35,
0.00,0.00,0.35,
0.00,0.00,0.35,
0.00,0.00,0.35,
0.00,0.00,0.35,
0.00,0.00,0.35,
0.00,0.00,0.35,
0.00,0.00,0.35,
0.00,0.00,0.35,
0.00,0.00,0.35,
0.00,0.00,0.35,
0.00,0.00,0.35,
0.00,0.00,0.35,
0.00,0.00,0.35,
0.00,0.00,0.35,
0.00,0.00,0.35,
0.00,0.00,0.35,
0.00,0.00,0.35,
0.00,0.00,0.35,
0.00,0.00,0.35,
0.00,0.00,0.35,
0.00,0.00,0.35,
0.00,0.00,0.35,
0.00,0.00,0.35,
0.00,0.00,0.34,
0.00,0.00,0.34,
0.00,0.00,0.34,
0.00,0.00,0.34,
0.00,0.00,0.34,
0.00,0.00,0.34,
0.00,0.00,0.34,
0.00,0.00,0.34,
0.00,0.00,0.34,
0.00,0.00,0.34,
0.00,0.00,0.34,
0.00,0.00,0.34,
0.00,0.00,0.34,
0.00,0.00,0.34,
0.00,0.00,0.34,
0.00,0.00,0.34,
0.00,0.00,0.34,
0.00,0.00,0.34,
0.00,0.00,0.34,
0.00,0.00,0.34,
0.00,0.00,0.34,
0.00,0.00,0.34,
0.00,0.00,0.34,
0.00,0.00,0.34,
0.00,0.00,0.34,
0.00,0.00,0.34,
0.00,0.00,0.34,
0.00,0.00,0.34,
0.00,0.00,0.34,
0.00,0.00,0.34,
0.00,0.00,0.34,
0.00,0.00,0.34,
0.00,0.00,0.34,
0.00,0.00,0.34,
0.00,0.00,0.34,
0.00,0.00,0.34,
0.00,0.00,0.34,
0.00,0.00,0.34,
0.00,0.00,0.34,
0.00,0.00,0.34,
0.00,0.00,0.34,
0.00,0.00,0.34,
0.00,0.00,0.34,
0.00,0.00,0.34,
0.00,0.00,0.34,
0.00,0.00,0.34,
0.00,0.00,0.34,
0.00,0.00,0.33,
0.00,0.00,0.33,
0.00,0.00,0.33,
0.00,0.00,0.33,
0.00,0.00,0.33,
0.00,0.00,0.33,
0.00,0.00,0.33,
0.00,0.00,0.33,
0.00,0.00,0.33,
0.00,0.00,0.33,
0.00,0.00,0.33,
0.00,0.00,0.33,
0.00,0.00,0.33,
0.00,0.00,0.33,