Half Torque
198
198
198
198
198
198
198
198
198
198
200
200
200
201
201
202
202
203
203
204
204
204
205
205
205
205
206
207
207
208
208
209
209
209
209
209
209
211
214
214
215
215
216
218
218
219
219
221
221
222
223
224
225
225
225
225
227
228
228
229
232
232
232
233
236
237
237
238
238
241
241
243
243
245
247
247
248
249
252
253
253
254
254
256
257
258
259
263
264
264
264
264
267
269
269
269
270
272
273
273
276
277
278
278
280
282
283
283
285
287
288
289
290
292
294
296
296
296
297
299
300
300
303
306
305
307
308
308
309
313
313
313
314
316
318
318
318
319
321
324
325
325
325
326
328
329
330
330
334
335
335
336
338
339
340
341
343
343
343
344
344
344
346
348
348
348
349
349
350
350
351
351
351
351
351
351
351
351
354
350
351
351
352
351
352
352
351
351
352
351
351
352
351
351
351
351
351
351
351
350
350
349
349
348
348
348
347
344
344
344
345
343
343
343
341
341
340
340
339
339
337
335
335
334
334
333
331
330
329
328
327
325
325
325
324
324
321
319
318
318
317
315
314
313
313
313
310
309
308
308
307
306
305
303
302
302
300
299
298
297
296
295
294
293
292
290
289
288
287
285
283
283
282
279
278
278
276
274
273
273
270
269
269
268
265
264
264
263
263
262
258
258
258
255
254
254
254
253
253
251
248
247
247
244
244
243
241
241
239
238
237
237
237
235
233
232
232
232
229
228
228
227
226
225
225
225
225
224
223
222
221
221
219
219
219
219
219
218
218
218
216
216
216
215
215
214
215
214
214
213
211
209
209
209
209
209
209
209
209
209
209
209
209
209
209
209
209
209
209
209
209
209
211
209
209
209
209
211
209
209
209
209
209
209
209
209
209
209
209
209
209
209
209
209
209
209
209
209
209
209
209
209
209
209
209
209
209
209
209
209
209
209
209
209
209
209
209
208
208
208
208
208
208
208
208
208
207
207
207
207
206
206
206
206
206
206
206
206
205
205
205
205
205
205
205
205
205
205
204
204
204
204
204
204
204
203
203
203
202
202
202
202
203
202
202
202
200
202
200
200
200
200
200
200
200
200
198
200
198
198
198
200
198
198
198
198
198
198
198
198
197
197
197
198
198
198
198
198
198
197
197
197
197
197
197
197
197
197
197
197
198
197
197
197
197
197
197
198
198
197
197
197
197
197
197
197
197
198
198
198
198
198
200
200
200
200
200
200
200
200
201
201
202
202
202
202
202
203
203
203
203
203
204
204
204
204
204
205
205
205
205
205
205
205
205
205
206
206
206
206
206
207
207
207
208
208
208
208
209
209
209
209
208
209
209
209
209
209
209
209
209
209
209
209
211
212
213
215
214
214
215
215
215
215
216
217
217
218
218
218
218
218
219
219
219
219
219
219
221
221
221
222
222
223
223
224
224
225
225
225
225
225
225
227
227
227
228
228
228
228
229
232
232
232
232
232
233
233
233
234
236
237
237
237
237
237
237
237
238
238
238
239
241
241
241
241
243
243
244
244
244
245
246
247
247
248
248
248
249
251
251
252
253
253
253
253
253
254
254
254
255
257
257
258
258
259
258
258
259
263
263
263
263
263
264
264
264
264
264
267
267
268
269
269
270
269
270
270
272
273
273
273
275
275
276
277
278
278
278
279
280
282
282
282
283
283
284
284
284
286
287
288
288
289
289
292
292
293
294
294
295
296
296
295
297
297
297
298
299
300
300
302
303
303
304
305
306
306
309
307
308
308
308
310
310
313
313
313
313
313
314
315
315
317
318
318
319
319
320
324
324
324
324
325
325
325
326
327
328
330
330
331
334
334
335
335
336
336
337
339
339
340
341
343
343
343
343
343
344
344
344
349
348
348
349
351
350
351
351
352
355
357
357
357
357
358
358
360
362
362
364
364
366
366
367
368
368
368
368
369
372
372
372
374
374
374
376
378
378
380
380
380
382
382
385
384
385
386
388
388
387
390
391
392
392
396
395
396
396
398
398
399
399
401
402
403
403
403
405
405
407
408
408
409
411
412
413
413
413
413
415
415
417
418
418
419
420
422
422
423
426
427
427
428
429
429
430
431
431
435
436
436
437
438
441
441
441
442
442
443
444
447
448
448
449
450
451
453
453
453
454
454
456
458
458
460
460
460
460
463
463
466
466
468
469
469
471
472
472
472
473
474
478
478
479
480
481
481
482
482
484
487
488
488
489
489
490
490
490
492
493
494
497
497
498
498
497
501
500
502
504
504
505
507
508
507
510
511
512
513
513
514
514
519
520
519
522
521
521
522
523
525
526
527
528
529
529
529
529
532
533
534
536
536
537
538
539
539
540
541
543
542
545
543
547
548
549
550
550
551
551
553
554
558
558
559
559
559
560
561
564
564
564
565
565
567
568
569
569
572
573
573
574
574
577
577
578
577
579
580
581
582
582
584
585
586
587
587
588
589
590
591
591
593
594
594
595
598
599
599
599
600
601
602
602
602
603
604
604
605
607
607
608
608
611
611
613
613
613
614
614
615
616
618
619
619
620
621
623
624
625
625
624
626
626
627
628
629
630
630
631
632
633
633
634
634
636
637
637
638
639
640
640
640
642
641
642
644
645
646
646
648
650
650
650
651
652
652
653
654
654
655
656
656
658
659
660
660
661
661
661
663
663
664
665
666
667
668
669
669
669
670
670
671
671
672
673
674
676
677
677
680
680
681
680
681
680
681
683
683
686
685
686
687
687
689
690
690
691
692
692
693
693
695
695
697
697
697
697
697
698
700
702
703
703
704
704
704
706
706
706
706
707
707
708
709
710
712
712
713
713
713
715
715
716
717
719
719
719
720
720
721
722
723
723
723
725
726
726
726
726
726
728
729
729
731
732
732
732
733
733
733
735
736
737
737
738
738
738
739
739
741
741
742
743
743
744
744
744
745
746
746
747
747
748
749
749
750
751
751
751
751
752
752
754
755
755
755
756
757
758
758
758
758
759
759
759
761
761
762
762
762
763
763
763
763
764
764
765
765
767
767
767
769
769
770
771
771
772
772
772
772
772
772
772
772
773
773
774
776
776
777
777
777
777
778
778
778
778
778
778
778
778
779
779
779
781
781
781
782
782
782
783
783
784
784
784
784
784
784
784
784
785
784
785
786
785
785
786
787
787
787
788
788
788
789
789
789
790
790
790
790
790
790
790
791
791
791
792
792
792
794
794
794
794
794
794
794
794
794
794
794
794
795
795
795
795
795
795
795
795
796
796
797
796
796
797
797
797
797
796
797
797
797
797
797
797
798
798
798
798
798
798
798
798
798
798
798
798
798
798
798
798
798
798
798
798
798
798
798
798
798
798
799
799
799
799
799
799
799
799
799
799
799
799
799
799
798
799
799
799
800
799
799
799
799
799
799
799
799
799
799
799
799
799
799
799
799
799
799
798
799
799
799
799
799
799
799
799
799
799
799
799
799
799
799
799
799
799
799
799
799
798
798
798
798
798
798
798
798
798
798
798
798
798
798
798
798
798
797
797
797
797
797
797
797
796
796
796
795
795
795
795
795
794
794
794
794
794
794
794
794
794
792
791
791
790
790
790
790
790
790
790
790
789
789
788
788
788
787
787
787
785
785
785
785
785
784
784
784
784
784
784
784
783
782
782
782
781
781
779
779
778
778
778
778
778
778
778
778
778
777
777
776
776
776
775
774
773
772
772
772
772
772
771
772
771
771
770
769
769
767
767
767
765
764
764
764
763
763
763
763
762
763
762
761
761
759
759
759
759
758
758
758
758
757
756
755
755
755
755
754
752
752
751
751
750
749
749
748
748
747
747
747
745
746
745
744
744
744
743
743
742
741
741
739
739
738
738
738
738
738
737
737
736
735
734
733
733
732
732
732
731
730
729
728
728
728
726
726
726
725
724
723
723
722
722
722
720
720
719
719
719
718
716
713
715
715
713
713
713
713
712
712
711
709
708
708
708
707
706
706
706
706
704
704
704
702
703
702
700
698
698
697
697
697
696
695
695
693
693
691
691
691
691
690
689
689
687
686
685
685
685
684
682
681
681
681
680
680
680
679
677
676
676
674
673
672
671
671
671
669
669
669
668
666
665
665
663
663
661
661
661
660
660
659
658
657
656
656
655
655
654
653
652
651
650
650
650
648
648
646
645
646
642
642
642
641
640
639
639
639
637
634
634
633
632
632
631
630
629
628
627
626
626
625
624
624
623
623
620
620
619
618
618
616
615
614
614
613
613
611
610
608
608
607
605
605
603
603
604
602
601
599
600
599
598
597
594
594
593
592
591
590
589
588
588
586
585
584
584
582
582
581
580
579
580
577
577
575
574
574
572
572
571
568
568
565
565
564
565
563
560
559
559
559
558
556
556
555
553
552
551
550
550
549
547
546
545
545
543
545
545
541
541
539
539
538
538
536
536
535
534
532
532
529
529
528
528
527
526
525
524
522
522
521
521
521
520
520
516
514
514
513
513
513
512
510
510
508
507
507
505
504
504
504
502
501
500
499
498
498
498
497
495
493
493
492
491
490
490
489
489
488
488
487
486
482
482
482
482
480
480
479
478
477
476
473
473
472
472
472
472
470
470
469
468
467
466
466
463
462
461
460
460
460
460
458
457
454
454
454
453
453
452
451
449
448
448
447
447
444
443
442
442
441
441
441
439
437
437
436
436
435
435
433
431
431
430
430
428
428
428
426
426
425
423
422
421
419
419
418
418
418
415
415
415
413
412
412
411
410
409
408
408
406
405
405
403
403
402
401
401
401
399
398
398
397
395
395
395
394
392
392
391
390
387
388
388
385
384
384
384
382
381
380
380
380
377
375
374
372
372
372
372
370
368
368
368
367
367
367
367
366
364
364
362
361
359
359
358
357
356
356
355
354
352
351
351
350
349
349
348
348
346
344
344
345
343
343
341
340
340
339
338
337
335
335
335
334
331
331
330
330
330
328
327
326
325
325
325
324
324
324
323
319
319
319
318
318
316
315
314
314
313
313
313
313
311
309
309
308
308
307
307
307
306
305
305
304
303
303
300
300
300
299
299
297
297
297
296
296
296
295
294
293
292
292
290
289
289
289
288
288
287
285
284
283
283
283
282
282
282
280
279
278
278
278
277
276
275
275
274
274
273
273
273
272
270
270
269
269
269
269
268
267
265
265
264
264
264
264
263
263
263
263
263
259
258
258
258
258
257
257
256
255
254
254
254
254
253
254
253
253
253
252
251
251
249
248
248
247
247
246
246
245
244
243
243
243
243
243
241
241
241
239
239
239
238
237
237
236
237
237
237
237
237
236
235
233
234
232
232
232
232
233
232
232
232
229
228
228
228
228
227
227
227
227
226
226
225
225
225
225
225
225
225
224
224
224
223
223
222
222
222
221
221
221
221
219
219
219
219
219
219
219
218
218
218
218
218
217
216
216
216
215
215
215
214
214
214
214
214
214
213
213
212
211
211
211
209
209
209
209
211
209
209
209
209
209
209
209
209
209
209
209
209
209
209
209
209
208
208
208
207
208
207
207
207
207
207
206
206
206
206
206
206
206
206
205
205
205
205
205
205
205
205
205
205
205
205
205
205
205
205
205
205
205
204
204
204
204
204
205
204
205
204
204
203
203
203
203
203
203
203
203
203
203
202
202
202
203
203
203
202
202
203
203
203
202
203
203
203
203
203
203
202
203
203
202
202
202
203
203
203
203
202
202
203
203
203
203
203
203
203
203
203
203
202
203
203
203
203
203
204
204
204
204
204
204
204
204
204
205
205
205
205
205
205
205
205
205
205
205
206
205
205
206
206
205
206
206
206
206
207
207
207
207
207
208
208
208
208
208
209
209
209
209
209
209
208
209
209
209
209
209
209
209
209
209
209
211
213
214
214
214
215
215
215
215
215
216
216
217
218
218
218
218
219
219
219
219
219
219
219
219
221
221
221
222
222
223
223
224
224
225
225
225
225
225
225
225
226
227
227
227
228
228
228
228
229
232
232
233
233
232
232
233
233
233
236
236
237
237
237
237
237
237
238
239
239
241
241
241
241
241
242
243
243
243
244
244
244
246
247
247
248
248
248
251
251
251
251
252
253
253
253
253
253
254
254
254
255
256
257
257
258
258
258
258
259
262
263
263
263
263
263
264
264
264
264
264
264
266
267
268
268
269
269
269
270
270
270
272
273
273
272
273
275
276
276
277
278
278
278
279
279
280
282
282
283
283
283
284
285
285
285
287
288
288
289
289
289
290
292
292
292
294
294
295
296
296
296
296
297
297
299
299
300
300
302
303
304
305
305
305
306
307
307
308
308
308
309
310
313
313
313
313
313
313
314
315
316
317
318
320
319
320
321
323
324
324
325
325
325
326
327
328
329
330
331
331
334
335
335
335
337
338
339
340
343
341
343
343
343
343
344
344
347
348
348
348
350
351
351
351
351
354
356
356
357
358
357
359
361
361
362
364
365
367
367
368
368
368
368
369
372
374
374
372
375
376
377
379
380
380
380
381
382
384
384
385
387
388
388
388
391
391
392
394
394
395
396
397
398
398
399
400
401
401
403
403
403
405
407
407
408
409
410
411
412
413
413
413
415
415
415
418
418
419
420
420
422
422
423
426
427
427
427
428
430
430
431
431
433
436
436
436
437
438
441
440
441
442
443
443
444
447
448
448
449
451
452
453
453
453
454
454
456
458
459
460
460
460
461
463
464
466
467
468
469
469
471
472
472
473
473
477
477
478
478
480
481
481
482
483
484
487
488
489
489
490
490
491
492
492
494
494
497
497
498
499
499
501
502
502
504
504
504
505
508
510
511
512
512
513
513
514
515
519
517
520
521
520
521
523
524
525
526
527
528
529
529
529
530
530
533
534
535
536
537
538
539
539
540
541
542
543
545
545
546
548
549
549
550
551
552
551
554
555
558
558
559
559
559
560
562
564
564
564
565
565
566
568
569
572
572
573
574
574
575
576
578
578
578
579
579
580
582
584
584
584
585
587
587
588
588
589
591
591
592
593
594
595
595
599
599
599
599
601
601
602
602
602
603
604
604
605
607
607
608
610
610
611
613
613
613
613
614
615
616
617
619
619
620
623
623
621
624
624
624
626
626
627
628
629
630
630
631
633
633
633
633
634
637
637
637
638
639
640
640
641
642
644
643
645
645
646
647
648
650
650
650
651
652
652
653
654
655
656
656
657
658
660
660
660
661
661
661
663
664
664
665
665
667
669
669
669
669
670
671
671
672
673
673
674
677
678
678
680
680
680
681
681
681
682
683
685
685
686
687
687
689
690
691
691
692
692
692
693
694
695
697
697
697
697
698
698
698
700
700
703
703
704
704
705
706
706
706
707
708
708
709
711
713
712
713
713
713
715
716
717
717
718
719
720
720
720
722
722
723
723
724
725
726
726
729
729
728
728
729
730
730
732
732
732
732
733
733
735
735
737
737
738
738
738
739
739
741
741
741
743
743
744
744
744
745
745
747
746
747
747
748
749
749
749
749
750
751
751
752
752
754
754
754
755
755
756
757
758
758
759
758
758
759
760
761
761
762
762
762
763
763
763
763
764
764
764
767
767
767
768
768
769
769
770
771
771
771
772
772
772
772
772
772
772
773
773
774
775
775
776
776
776
777
777
777
778
778
778
778
778
778
778
778
779
779
779
779
781
781
781
782
782
782
783
783
783
784
784
785
785
785
784
785
785
785
785
785
785
785
785
785
786
787
787
787
787
788
788
788
788
789
790
788
790
790
790
790
790
790
790
790
790
790
791
791
791
792
792
792
792
794
794
794
794
794
794
794
794
794
794
794
794
794
794
795
794
795
795
795
795
795
795
795
795
795
795
795
795
795
795
795
795
795
795
796
796
796
796
796
796
796
796
797
797
797
797
797
797
796
797
796
797
797
796
796
797
796
797
797
796
797
796
797
797
797
797
797
796
797
796
797
797
797
797
796
797
797
796
797
796
797
796
796
797
797
797
796
796
796
797
797
797
797
797
796
796
796
796
796
796
796
796
796
796
796
796
796
795
795
795
795
795
796
795
795
795
795
795
795
795
794
794
794
794
794
794
794
792
794
794
794
794
794
792
792
792
791
791
791
790
790
790
790
790
791
790
790
790
789
789
789
788
787
788
787
787
787
785
785
785
785
785
785
784
784
784
785
784
784
784
783
783
782
782
782
781
781
779
779
779
778
778
778
778
778
778
778
778
777
777
777
776
776
776
775
774
774
773
772
772
772
771
772
772
772
771
771
771
770
769
768
767
767
767
765
765
764
764
763
763
763
763
762
762
762
761
761
759
759
759
759
758
758
758
758
757
757
756
756
755
754
754
754
752
754
750
751
750
750
749
748
748
747
748
747
746
745
745
745
744
744
742
743
741
741
741
739
739
738
739
738
738
737
737
736
735
735
734
733
733
732
732
731
732
731
730
730
728
728
726
726
726
725
725
724
723
722
722
722
722
720
719
719
719
718
717
717
716
715
715
713
713
713
712
711
711
711
708
708
708
707
707
706
706
706
705
704
704
703
703
702
700
699
698
697
697
697
696
694
695
693
693
691
691
691
691
690
687
687
687
686
685
684
683
683
681
681
681
681
680
680
679
677
676
676
674
672
672
672
648
646
646
645
645
645
644
642
641
642
642
641
640
639
639
638
637
637
636
634
633
633
632
632
631
630
629
629
627
626
626
625
624
624
623
623
623
620
619
618
618
616
615
614
613
613
613
611
610
608
607
607
605
605
603
603
602
602
599
599
599
599
597
594
595
593
592
590
590
588
588
586
585
584
584
584
582
580
580
579
578
577
576
574
573
573
572
569
567
565
565
564
565
562
560
559
556
558
556
555
552
551
550
550
549
548
546
545
545
543
541
540
539
538
538
538
536
536
534
532
532
529
529
528
527
526
525
524
522
521
521
521
520
517
514
514
513
513
512
511
510
508
507
505
504
504
503
502
501
499
498
498
498
497
495
495
493
493
491
490
490
490
489
489
488
487
486
483
483
483
482
481
480
478
478
478
476
473
473
472
472
472
471
469
469
469
467
467
466
464
462
461
460
460
460
460
460
459
458
456
454
454
454
453
453
453
451
448
449
448
448
447
444
443
442
442
442
441
441
441
439
437
437
436
436
435
433
430
431
431
430
428
428
428
426
427
427
427
426
425
422
421
419
419
418
418
418
416
415
415
413
413
413
412
411
410
410
408
407
407
405
405
403
403
403
402
401
401
399
398
398
397
396
396
395
394
394
395
392
391
391
390
388
388
388
387
385
384
384
382
381
380
380
380
378
377
375
374
372
372
372
372
370
370
368
368
368
368
367
366
365
364
364
362
361
361
360
357
358
357
357
356
356
354
352
351
351
351
350
349
348
348
348
344
344
344
343
343
344
341
340
340
339
338
336
335
335
335
334
333
331
331
329
329
328
327
327
325
325
325
324
324
324
323
319
319
319
318
318
316
315
314
314
313
313
313
313
310
309
309
308
308
307
307
306
305
305
304
303
303
300
299
299
299
297
297
297
295
296
296
296
294
294
292
292
290
290
289
289
288
287
287
285
284
283
283
283
282
283
280
279
278
278
278
277
276
276
275
274
273
273
272
269
270
270
269
269
269
269
267
267
264
264
264
264
264
263
263
263
263
259
258
258
258
257
257
257
256
254
254
254
254
254
253
253
253
253
251
251
249
248
248
247
247
246
246
246
244
243
244
243
243
243
242
241
241
239
239
239
238
237
237
237
237
238
237
237
237
236
236
234
233
232
232
232
232
232
232
232
229
229
228
228
228
228
228
227
227
227
227
226
226
225
225
225
225
225
225
225
225
224
223
223
223
223
222
222
222
221
221
221
219
219
219
219
219
219
219
218
218
218
218
218
217
216
216
216
216
215
215
215
214
214
214
214
214
214
213
213
212
211
209
209
209
209
209
209
209
209
209
209
209
209
209
209
209
209
209
209
211
209
209
209
208
208
208
208
208
207
207
207
207
207
207
206
206
206
206
206
206
206
206
206
205
205
205
205
205
205
205
205
205
205
205
205
205
205
205
205
205
205
204
204
204
204
204
204
204
204
204
204
203
203
203
203
203
203
203
203
203
203
203
202
202
203
202
203
202
202
202
203
202
202
203
203
202
202
202
203
203
203
202
202
203
203
202
203
203
203
202
203
203
203
203
203
203
202
202
202
202
203
203
202
202
203
202
202
202
203
203
203
203
204
204
204
204
204
204
204
204
204
205
205
205
205
205
205
205
205
205
205
205
205
205
205
205
206
206
206
206
206
206
206
207
207
207
207
207
209
208
208
208
209
209
209
209
209
209
209
209
209
209
209
209
209
209
209
209
209
209
211
211
212
214
214
214
214
214
215
215
216
216
216
217
218
218
218
218
218
219
219
219
219
221
221
222
222
222
223
224
224
225
225
225
225
225
225
225
225
227
227
227
228
228
228
228
229
232
231
233
232
233
232
233
233
235
236
237
237
237
237
237
237
238
238
239
239
239
241
241
241
243
243
243
243
244
244
244
245
246
247
247
248
248
248
249
251
251
252
253
253
253
253
253
253
254
254
254
256
256
257
257
258
258
258
259
262
263
263
263
263
263
264
264
264
264
265
266
266
267
268
268
269
270
269
270
270
270
272
273
273
273
274
275
276
276
277
278
278
278
279
279
280
282
282
283
283
283
284
285
286
287
287
288
289
289
289
292
292
292
292
293
294
294
295
296
296
296
297
297
298
300
299
300
302
302
303
303
304
305
305
306
307
308
308
308
308
309
309
311
313
313
313
313
314
314
316
317
317
318
318
319
319
320
323
324
324
324
325
325
325
327
328
329
330
331
331
334
334
335
335
336
337
339
339
340
341
343
343
343
344
344
345
348
347
348
349
350
351
351
351
351
354
355
356
356
358
358
358
360
361
362
364
364
366
367
367
369
368
368
369
371
372
372
374
374
374
376
378
380
380
381
382
382
384
386
385
387
388
388
388
390
391
392
392
394
395
397
395
397
398
397
399
401
402
403
403
405
405
405
407
408
408
410
411
412
413
413
413
415
415
418
418
418
419
421
422
422
425
425
427
427
427
428
428
428
430
431
431
433
436
436
436
438
440
441
441
442
442
443
443
446
447
448
448
449
451
451
453
453
454
456
457
458
459
460
460
460
460
460
463
463
466
466
468
469
469
471
472
472
472
473
474
477
478
479
479
480
481
481
482
484
487
487
488
489
489
490
490
492
493
494
495
497
498
498
499
499
500
500
501
502
504
504
504
505
505
509
512
511
512
513
513
514
514
517
519
520
521
521
521
521
523
525
525
526
528
528
529
529
530
532
532
535
536
536
537
539
539
539
539
540
541
543
543
545
545
546
548
549
550
550
552
552
552
554
556
558
558
559
559
560
560
564
564
565
565
565
565
566
569
572
573
572
574
574
575
577
578
578
578
578
579
580
580
582
584
584
585
587
587
588
588
589
590
591
592
593
593
595
595
598
598
599
599
601
602
603
603
603
604
604
605
607
608
608
610
611
613
613
613
613
613
614
614
615
617
619
619
620
621
623
623
624
624
624
626
626
626
627
629
629
630
631
633
633
633
634
634
636
637
638
639
640
640
641
642
643
643
643
645
645
646
647
648
648
648
650
651
652
653
653
654
655
656
656
657
658
659
660
661
661
661
661
663
664
666
665
666
667
668
669
670
670
671
671
671
672
673
673
673
676
677
678
680
680
680
681
681
681
682
683
684
685
685
687
687
689
690
690
690
691
691
692
693
694
695
695
697
697
698
698
698
700
702
703
702
703
703
704
704
706
706
706
706
706
708
708
709
710
712
713
713
713
713
713
715
716
717
719
719
720
720
720
722
722
723
723
724
725
726
726
726
728
728
729
730
731
732
732
732
732
732
733
734
733
735
736
737
738
738
738
738
739
739
741
741
742
743
743
744
745
745
745
745
746
747
747
747
748
749
749
750
751
751
751
752
752
752
755
755
755
755
756
757
757
757
758
758
758
759
759
760
760
760
763
762
762
762
763
763
763
764
764
765
767
767
767
768
768
768
768
769
770
770
771
771
772
772
772
772
772
772
772
772
773
774
774
775
775
776
776
776
777
777
777
777
777
777
778
778
778
778
778
779
779
779
779
779
781
781
782
782
782
782
783
783
784
784
785
785
785
785
785
785
785
785
785
785
785
785
785
785
786
786
787
787
787
787
788
788
788
789
790
790
791
790
790
790
790
790
790
789
791
791
791
791
791
791
792
792
794
794
794
794
794
794
794
794
794
794
794
794
794
794
795
795
795
795
795
795
795
795
795
795
795
795
795
795
795
795
795
795
795
796
796
796
796
796
796
796
796
796
796
796
796
796
797
796
796
797
797
796
796
796
796
796
796
796
796
796
796
796
797
796
797
796
796
796
796
796
796
797
796
796
797
796
796
796
796
796
796
796
796
797
796
796
796
796
796
796
796
796
796
796
796
796
795
796
796
796
796
796
796
796
795
795
795
795
795
795
795
795
795
795
795
795
795
795
794
796
796
794
794
794
794
794
794
794
794
794
794
794
792
792
791
791
791
790
790
790
790
790
790
790
790
790
789
789
788
789
788
787
787
787
787
785
785
785
785
785
785
785
785
785
785
786
784
784
784
783
782
781
782
781
781
779
779
779
778
778
778
778
778
778
778
778
777
777
776
776
776
775
774
773
773
773
772
772
772
772
772
772
771
771
770
770
769
768
767
767
767
765
764
764
764
763
763
763
763
762
762
762
761
761
759
759
759
759
758
758
758
758
757
756
755
755
755
754
754
752
752
752
751
751
750
751
749
748
748
747
747
747
746
746
745
744
744
744
744
743
742
741
741
741
739
739
738
738
738
738
737
736
736
735
733
733
733
732
732
732
732
731
730
729
728
728
729
726
726
725
724
724
724
723
722
722
722
722
720
719
719
719
719
717
717
716
715
715
713
713
713
712
711
710
709
709
708
707
707
706
706
706
706
705
704
704
703
703
702
700
699
698
697
697
697
696
695
695
693
693
691
692
691
691
690
689
687
687
686
685
684
683
682
681
681
680
680
680
678
677
676
676
677
674
672
671
671
671
670
669
669
668
666
665
665
664
663
661
661
660
660
659
658
657
657
656
655
654
653
652
651
651
650
648
648
647
646
645
645
643
643
642
641
640
640
639
638
637
636
632
633
634
632
631
630
629
628
627
626
625
624
624
624
623
621
619
619
618
617
616
614
614
612
613
612
611
610
608
608
607
605
605
605
603
603
602
601
600
599
599
599
598
595
594
593
593
590
590
590
588
588
587
586
585
584
584
582
580
580
579
578
577
577
576
574
573
572
572
569
568
567
567
565
566
564
564
563
560
560
559
559
558
556
555
555
553
551
551
550
550
549
549
547
546
545
543
543
541
541
539
539
539
538
537
536
535
534
533
532
532
529
529
529
528
527
527
526
524
523
522
521
521
521
520
520
517
514
514
513
513
513
511
511
510
508
507
507
504
504
504
503
501
500
499
499
498
498
497
495
494
493
492
492
491
490
491
489
489
489
487
487
484
483
482
482
482
479
479
478
478
477
476
473
473
472
472
471
469
469
469
468
467
467
466
463
460
461
460
459
461
459
459
458
456
454
454
454
454
453
452
451
449
448
448
447
446
444
443
442
442
441
441
441
439
437
436
436
436
433
432
431
431
430
429
428
427
427
427
426
423
425
421
421
421
419
418
418
418
413
415
415
413
413
413
412
411
410
409
407
407
406
405
403
403
403
401
401
400
399
398
398
397
396
395
395
394
392
391
391
391
388
388
388
387
385
384
384
384
382
381
381
380
378
376
375
374
372
372
372
372
369
368
368
368
367
367
366
365
364
364
362
361
360
358
358
357
357
356
354
354
351
351
351
351
350
349
348
348
349
344
344
344
343
343
344
341
340
340
338
337
336
335
335
334
334
333
331
330
329
328
327
326
325
325
325
325
324
324
323
319
317
318
318
318
318
316
315
314
313
313
313
314
313
310
309
309
309
308
307
307
306
306
305
304
303
303
303
300
300
299
298
297
297
297
296
296
296
294
294
293
292
292
292
290
289
289
287
288
288
286
285
284
283
283
283
282
282
280
280
279
278
278
278
277
276
275
275
273
273
273
273
272
270
270
269
269
269
269
267
267
265
264
264
264
264
264
264
263
263
263
262
262
258
258
258
258
257
257
257
256
255
254
254
254
254
253
253
253
253
252
251
249
248
248
248
247
247
246
246
244
244
243
243
243
243
243
241
241
241
239
239
238
238
237
237
237
237
237
237
237
237
236
236
233
232
232
232
232
232
232
232
231
229
229
228
228
228
228
227
227
228
226
225
225
225
225
225
225
225
225
225
224
224
223
223
222
222
222
221
221
221
221
219
221
219
219
219
219
218
218
218
218
217
216
216
216
216
215
215
215
214
214
214
214
214
214
213
213
212
211
211
209
209
208
209
209
209
209
209
209
209
209
209
209
209
209
209
209
209
209
209
208
208
208
208
207
207
207
207
207
206
207
206
206
206
206
206
206
206
206
206
205
205
205
205
205
205
205
204
205
205
205
205
205
205
205
205
205
204
204
204
204
205
204
204
204
203
203
203
203
203
203
203
203
202
203
203
203
203
202
202
203
203
203
202
202
202
203
202
203
203
203
203
203
203
202
203
202
202
202
203
203
202
202
202
202
203
202
202
202
202
202
202
202
203
202
202
202
202
202
202
202
204
203
202
202
202
203
203
203
202
203
203
203
203
204
204
204
204
204
204
204
205
205
205
205
205
205
205
205
205
205
205
205
205
206
206
205
206
206
206
206
207
207
207
207
207
208
208
208
209
211
209
209
209
209
209
209
209
209
209
209
209
209
209
209
211
211
213
214
214
214
214
214
215
215
215
216
216
216
217
218
219
218
219
219
219
219
219
219
219
219
221
221
221
222
222
223
224
224
224
225
225
225
225
225
225
227
227
227
228
228
228
228
228
231
231
232
232
233
233
232
233
233
234
235
236
237
237
237
238
238
238
238
238
239
239
241
241
241
243
243
243
243
244
244
245
246
247
247
248
248
248
249
249
251
251
252
253
253
253
253
253
254
254
255
255
256
257
257
258
258
258
258
259
262
263
263
263
263
264
264
264
264
264
264
266
267
268
268
269
269
269
270
270
270
272
272
273
273
273
274
275
276
277
278
278
278
278
279
280
279
282
282
283
283
283
284
285
286
287
288
288
289
289
290
292
292
292
293
294
294
296
296
296
296
297
297
297
298
299
299
300
300
302
303
303
304
305
306
306
307
307
308
308
308
310
310
313
313
313
313
313
314
315
316
317
318
319
319
320
323
324
324
324
324
325
325
325
326
327
328
330
330
331
331
333
335
335
335
337
338
339
340
341
341
343
343
343
344
344
346
348
348
349
350
350
351
351
352
354
356
356
357
357
358
358
359
361
362
362
364
365
366
367
368
368
368
368
369
372
372
374
374
374
375
377
380
380
380
381
382
384
384
385
386
388
388
389
390
391
392
392
394
394
395
396
396
398
398
399
400
401
402
403
403
403
405
406
407
408
409
410
411
412
413
413
413
415
416
417
418
418
418
421
421
422
423
426
427
427
428
428
429
429
430
431
432
432
435
436
436
437
439
440
441
442
442
443
443
444
447
448
448
450
450
451
453
453
454
454
456
457
458
460
460
460
460
462
463
466
466
468
469
469
469
471
471
472
472
473
473
477
478
478
479
480
481
481
482
483
486
487
488
489
490
490
490
491
493
493
494
497
497
498
499
499
500
501
502
504
504
504
505
505
507
508
510
511
511
513
513
514
514
517
520
520
520
521
521
521
523
525
525
526
528
528
529
529
530
532
530
535
536
536
537
539
539
539
541
541
543
545
543
545
545
547
548
549
550
550
551
551
553
554
555
558
559
559
559
560
561
564
564
566
565
565
566
568
569
572
573
573
574
574
576
577
578
578
579
578
581
582
584
584
584
585
586
587
588
588
589
589
590
591
593
593
594
595
599
598
599
598
599
602
602
603
603
603
604
604
605
607
608
608
610
611
613
613
613
613
614
615
616
617
617
618
619
620
623
623
623
624
624
624
625
626
626
627
629
629
630
631
632
633
633
633
633
636
637
637
638
639
640
640
641
643
643
645
645
645
646
647
648
650
650
650
651
651
652
653
654
655
656
656
656
658
659
660
661
661
661
661
663
664
664
665
665
666
667
669
669
670
671
671
671
671
673
674
676
677
678
679
680
680
680
681
681
681
681
683
683
685
685
686
687
689
689
691
691
691
691
692
693
693
695
696
697
697
697
698
698
700
700
703
703
703
704
705
706
706
706
706
708
708
708
708
709
711
712
713
713
713
712
715
716
716
718
719
719
720
720
720
722
722
723
723
725
725
726
726
726
728
729
729
730
731
732
732
732
732
733
734
735
735
737
737
737
738
738
738
739
739
739
741
741
742
743
744
744
744
745
745
746
746
747
747
748
748
749
750
750
751
751
751
752
752
751
754
755
755
756
757
757
758
758
758
758
758
759
758
760
760
761
762
762
762
762
763
764
763
764
765
765
767
767
767
768
768
768
769
770
770
771
771
771
772
772
772
772
772
772
772
773
774
775
775
776
775
776
777
777
777
777
777
778
777
778
777
778
778
779
779
779
779
781
781
781
781
782
782
782
783
784
784
784
785
784
784
785
784
785
785
785
785
785
785
785
785
785
786
787
787
787
787
788
788
788
789
790
790
790
791
790
790
790
790
790
790
790
791
791
791
792
791
794
794
794
794
794
794
794
794
794
794
794
794
794
795
794
794
794
794
795
795
795
795
795
795
795
795
795
795
795
795
795
795
796
796
796
796
796
796
796
796
796
796
796
796
796
796
796
797
797
796
797
796
796
797
797
797
797
797
797
796
796
797
796
796
796
798
796
796
797
797
798
796
796
796
797
797
796
797
796
796
796
796
796
797
796
797
796
796
796
797
796
796
796
797
797
797
796
796
796
796
796
796
796
796
796
796
796
796
796
796
795
795
795
795
795
795
795
795
795
795
795
795
795
794
794
794
794
794
794
794
794
794
794
794
794
794
794
794
792
792
791
791
790
790
790
790
790
790
790
790
790
790
789
789
789
788
787
787
787
787
785
785
785
785
785
785
784
784
785
784
784
784
784
784
783
782
782
782
781
781
779
779
779
778
778
778
778
778
778
778
778
777
777
776
776
776
776
774
773
773
772
772
772
772
772
772
771
771
771
770
769
768
768
767
767
767
767
765
764
764
763
763
763
763
762
762
762
761
761
759
759
759
758
758
758
758
757
756
754
755
755
754
754
752
752
751
751
750
750
749
748
748
748
747
747
747
746
745
745
744
744
744
744
743
742
741
741
739
741
738
738
738
738
737
737
736
735
734
733
733
732
732
732
732
730
729
729
728
728
726
726
726
726
725
724
723
723
722
722
722
720
720
719
719
719
717
716
715
716
715
713
713
713
712
711
710
709
708
708
707
706
706
706
707
705
704
704
703
702
702
700
698
698
697
697
697
697
696
695
693
693
692
691
691
691
690
689
687
687
686
685
684
683
681
681
681
681
680
680
679
678
676
676
674
673
671
671
671
671
670
669
668
668
667
665
665
663
663
663
661
661
660
660
659
658
656
656
654
654
653
652
651
651
650
650
648
648
646
645
645
643
641
641
641
640
639
638
637
636
633
633
633
633
632
631
630
629
628
627
628
626
624
624
624
623
623
621
620
619
617
616
614
614
613
613
613
611
610
608
607
607
604
604
603
603
602
601
599
599
599
598
597
597
595
594
593
592
590
590
589
588
587
586
585
584
582
582
581
580
579
578
578
577
575
574
573
573
573
568
568
566
565
565
564
564
562
559
559
559
559
558
556
555
555
553
552
551
550
550
549
549
547
546
545
545
543
541
541
539
539
539
538
537
536
535
534
532
532
530
529
529
528
527
526
525
525
522
522
521
521
520
520
520
520
517
514
514
513
512
513
511
510
510
507
507
505
504
504
504
501
501
500
499
499
498
498
497
495
494
493
492
491
488
490
489
489
488
487
487
486
483
482
482
482
481
481
480
478
478
477
477
473
473
472
472
472
470
469
471
468
467
466
466
463
463
460
460
460
460
459
458
457
456
454
454
453
453
451
451
449
449
448
448
448
447
444
443
442
442
442
441
441
440
437
436
436
435
435
433
431
430
430
430
428
428
428
427
427
426
423
422
421
420
419
418
418
418
416
415
415
413
411
412
412
412
411
409
408
408
407
406
405
403
403
403
402
401
400
399
398
398
397
396
396
394
394
392
392
391
391
389
388
389
387
385
384
384
384
382
380
380
380
377
376
376
375
372
372
372
372
372
369
368
368
368
368
367
366
365
364
362
361
361
359
358
357
357
357
356
355
352
351
351
350
350
349
348
348
347
344
344
344
344
344
343
343
341
340
339
339
337
335
335
335
334
334
333
330
330
330
329
327
325
325
325
324
324
324
323
320
319
319
318
318
317
317
314
314
314
313
313
313
310
310
309
308
308
309
307
307
306
305
304
303
303
302
300
300
299
298
297
297
296
296
297
294
294
293
292
292
290
290
289
288
288
287
286
285
284
283
283
282
282
280
280
280
279
278
278
278
277
277
275
275
273
273
273
272
270
270
269
270
270
268
268
267
265
264
264
264
264
264
263
263
263
260
259
258
258
258
257
257
256
256
256
254
254
254
253
253
253
253
253
252
251
249
248
248
247
247
247
246
245
244
244
243
243
243
243
241
241
241
241
239
238
238
237
237
237
237
237
237
237
236
236
235
233
233
233
232
232
232
232
232
232
229
228
228
228
227
227
227
227
227
225
225
225
225
225
225
225
225
225
224
224
223
222
222
222
221
221
221
221
219
219
219
219
219
219
219
218
218
218
218
218
217
216
216
216
215
215
215
214
214
214
214
214
214
213
211
211
209
209
209
209
209
209
209
209
209
211
209
209
209
209
209
209
209
209
211
208
208
208
208
207
207
207
207
206
206
206
206
206
205
205
205
205
205
205
205
205
204
204
204
204
204
204
204
204
203
203
203
202
202
202
202
201
202
202
202
201
201
201
200
200
200
200
200
200
200
198
200
198
198
198
198
198
198
198
198
198
198
197
198
198
197
197
197
197
197
197
197
197
197
197
197
197
198
197
197
197
198
197
198
198
197
197
197
197
197
198
198
198
197
197
197
197
197
197
197
197
197
197
197
197
197
197
197
197
197
197
198
197
198
198
198
200
200
198
198
198
198
200
200
200
200
200
201
202
202
202
202
202
202
202
203
203
203
204
205
204
204
204
204
204
205
205
205
205
205
205
205
205
206
206
206
206
206
206
206
207
207
208
208
208
208
208
209
209
209
209
209
209
209
209
209
209
209
209
209
209
209
211
211
213
214
214
214
214
215
215
215
216
216
216
216
216
218
218
218
218
219
219
219
219
219
221
221
221
221
222
222
223
224
224
225
225
225
225
225
225
225
227
227
227
228
228
228
228
229
231
232
232
233
233
233
232
233
233
233
235
236
237
237
237
237
237
237
238
239
239
241
241
241
241
243
243
243
244
244
245
245
247
247
247
248
248
249
251
251
252
253
253
253
254
254
254
254
254
254
255
257
257
257
258
258
258
259
263
263
262
263
263
264
264
264
264
265
266
267
269
269
270
270
270
270
270
272
273
273
275
274
275
276
276
276
278
278
279
279
280
280
282
282
282
283
283
284
285
287
288
288
290
289
289
290
292
292
293
294
294
296
296
296
296
297
297
298
299
300
302
302
303
304
304
304
305
305
306
307
307
307
308
308
309
310
313
313
313
314
313
314
315
317
317
318
319
319
319
320
324
323
324
325
325
324
325
327
328
328
330
331
331
333
334
334
335
335
335
337
338
339
339
340
341
343
343
343
344
344
344
346
348
348
348
349
351
351
351
351
354
355
357
357
358
359
358
359
361
361
361
364
364
365
367
367
367
368
368
369
368
369
372
372
372
372
374
375
376
377
380
380
381
382
385
384
384
385
387
388
388
390
391
390
392
394
394
395
396
397
398
398
399
401
402
403
403
403
403
405
405
406
408
408
409
410
412
413
413
413
416
415
417
419
418
418
419
421
422
423
426
427
427
428
429
430
430
430
432
435
436
436
436
438
440
441
441
442
442
443
444
446
447
448
448
449
451
453
453
453
454
456
457
458
460
460
460
459
462
463
464
467
469
469
469
470
472
472
472
473
474
477
479
478
479
481
481
481
482
482
483
487
488
489
489
490
489
492
492
493
494
495
497
498
499
499
500
501
502
504
504
505
505
507
508
510
511
512
513
513
514
514
520
520
520
521
521
521
521
522
525
525
526
527
528
529
529
529
532
532
534
536
536
537
538
539
539
540
541
542
543
545
545
546
548
549
550
550
551
552
552
554
558
556
558
559
559
559
559
559
562
564
564
563
565
566
566
568
572
573
573
574
574
575
577
578
578
579
580
580
582
582
584
584
586
586
587
588
589
589
590
591
592
594
594
594
595
595
598
599
599
599
599
602
602
602
603
604
604
605
607
607
607
608
611
611
613
613
613
614
614
615
616
618
619
619
620
623
623
624
624
624
624
625
627
627
627
628
629
630
630
631
633
633
633
634
634
634
637
638
638
639
640
641
641
641
643
644
645
645
646
648
648
650
650
651
651
652
652
653
654
655
656
656
657
659
659
660
660
661
661
661
663
663
663
664
666
666
667
669
669
670
670
671
671
671
673
674
674
677
677
679
680
681
681
681
681
681
682
683
683
685
686
687
687
689
690
690
691
691
691
691
692
693
695
695
697
697
697
698
698
699
700
702
703
703
704
704
706
706
706
706
707
708
708
709
710
712
712
713
713
713
715
715
716
717
718
718
719
720
720
720
721
722
723
723
724
725
726
726
728
728
728
729
730
731
732
732
732
733
733
734
736
736
737
738
738
738
739
739
741
741
742
743
744
744
744
744
744
744
746
746
747
747
747
748
749
749
750
751
752
752
752
754
754
754
755
755
756
757
758
758
758
758
759
759
760
761
761
762
762
762
763
763
763
764
764
764
764
767
767
767
767
768
769
770
770
771
771
772
772
772
772
772
772
773
773
774
774
776
776
776
777
777
777
778
778
778
778
778
778
778
778
779
779
779
779
779
781
782
782
783
783
783
784
785
785
785
784
784
785
785
785
785
785
785
785
787
787
787
787
788
788
788
788
789
790
790
790
790
790
790
790
790
790
790
790
791
791
791
792
792
794
794
794
794
794
794
794
794
795
795
794
794
795
795
795
795
795
795
795
796
796
796
796
796
796
797
797
797
797
797
797
798
797
798
797
797
798
797
797
798
798
798
798
798
798
798
798
798
798
798
798
798
798
798
798
798
798
799
798
798
798
798
798
798
798
799
799
799
799
799
799
799
799
799
799
799
799
799
799
799
799
799
799
799
799
799
799
799
799
799
799
799
799
799
799
799
799
799
799
799
799
799
799
799
799
799
799
799
799
799
799
799
799
799
799
799
799
799
798
799
798
798
798
798
798
798
798
798
798
798
798
798
798
798
798
797
798
797
797
797
797
797
797
797
796
796
796
795
795
795
795
795
794
794
794
794
794
794
794
794
794
794
792
792
791
790
790
790
790
790
790
790
789
789
788
789
788
787
787
787
785
785
785
785
785
784
784
784
785
784
784
784
783
782
782
782
782
781
781
778
779
778
778
778
778
778
777
778
777
777
777
776
776
776
775
773
771
772
772
772
772
772
771
771
771
771
769
769
768
767
767
767
765
764
764
764
764
763
763
763
762
762
762
762
761
760
759
759
759
758
758
758
757
756
756
755
754
754
754
752
752
751
751
751
750
749
749
748
748
747
747
746
746
745
744
744
744
744
743
744
742
741
739
739
739
738
738
738
738
737
736
735
735
733
732
732
732
732
732
731
730
729
729
728
728
726
726
725
725
724
723
723
722
722
720
720
720
720
719
719
717
717
715
715
715
713
713
713
712
712
711
709
708
708
708
707
706
706
706
706
704
703
703
703
702
702
700
698
697
697
697
697
695
695
693
693
693
692
691
691
691
690
689
687
687
686
685
683
682
682
681
681
681
680
680
679
679
676
677
674
673
673
671
671
671
670
669
668
668
667
666
665
664
663
663
661
661
661
661
660
660
658
657
656
656
655
654
653
652
651
651
650
650
648
648
646
645
645
643
641
642
640
640
639
638
637
637
636
633
633
633
631
631
630
629
628
626
626
627
624
624
624
624
623
621
620
619
618
617
616
614
614
613
613
611
611
610
608
607
606
604
603
603
603
602
601
599
599
599
598
597
594
594
593
592
590
589
589
589
588
587
586
585
584
582
582
581
579
579
578
578
577
574
574
572
572
572
569
567
566
565
564
564
564
563
560
559
559
559
558
556
555
552
552
551
550
550
550
549
548
546
545
545
545
543
540
540
539
539
538
537
536
536
535
534
532
530
529
529
528
528
527
526
524
524
522
521
521
521
520
520
519
514
514
513
513
513
513
511
511
510
508
507
505
504
504
504
502
501
500
499
499
498
498
497
495
494
495
492
491
490
490
489
489
488
487
487
486
482
482
482
481
480
479
478
478
477
477
477
473
472
471
472
472
470
469
469
468
464
466
464
463
462
460
460
460
460
460
458
457
454
454
454
453
453
451
450
449
448
448
448
446
443
443
442
442
442
442
442
441
438
437
436
436
436
435
432
431
430
429
429
428
428
427
427
426
425
423
421
421
419
418
418
417
417
415
415
415
413
413
412
411
410
409
408
408
406
406
405
405
403
403
403
401
401
399
398
398
398
396
396
395
392
392
392
391
391
389
388
388
387
385
384
384
382
382
380
380
380
380
377
375
374
372
374
372
372
372
369
369
368
368
368
367
367
366
364
361
362
361
361
358
356
357
357
356
356
354
352
351
351
351
350
349
348
348
346
344
344
344
343
343
343
341
340
339
339
337
337
335
335
335
334
331
331
330
330
329
328
327
325
325
325
324
324
324
324
320
319
319
318
318
317
316
314
314
313
313
313
314
310
309
309
308
308
307
307
306
306
305
305
304
303
303
300
300
299
299
297
297
295
296
296
296
294
294
293
292
292
292
289
289
288
288
287
287
285
283
283
283
282
282
280
280
279
278
278
278
278
276
277
275
273
273
273
272
270
270
270
269
269
268
268
267
266
264
264
264
264
264
263
263
263
263
262
259
258
258
258
257
257
256
255
254
254
254
254
253
253
253
253
253
252
251
249
248
248
247
247
247
246
245
244
244
243
243
243
242
241
241
241
239
239
238
238
237
237
237
237
237
237
236
236
234
233
232
232
233
233
232
232
232
232
229
228
228
228
228
228
227
227
227
225
225
225
225
224
225
225
225
224
224
224
223
222
222
222
221
221
221
221
219
219
219
219
219
218
218
218
218
218
218
218
216
217
216
214
215
215
215
214
214
214
214
214
213
211
211
209
209
209
209
209
209
209
209
209
209
209
209
209
209
209
209
209
209
209
208
208
208
208
208
208
208
207
207
207
206
206
206
206
205
205
206
205
205
206
205
205
205
205
204
204
204
204
204
205
203
203
203
203
202
202
202
202
202
201
201
201
201
200
200
200
200
200
200
200
198
198
198
198
198
198
198
198
198
198
198
198
198
198
198
197
198
197
197
197
197
197
197
197
198
197
197
197
197
197
197
197
197
198
197
197
197
197
197
197
197
197
197
197
197
197
197
197
197
197
197
197
197
197
197
197
197
198
198
197
198
198
198
198
198
198
198
198
198
198
200
200
200
200
200
200
201
201
201
202
202
202
203
202
202
203
203
203
203
203
204
204
204
204
204
204
205
205
205
205
205
205
205
205
205
206
206
206
206
206
207
207
207
207
207
208
208
208
209
209
209
209
209
209
209
209
209
209
209
209
209
209
209
209
211
212
214
214
214
214
215
215
215
216
216
216
217
218
218
218
219
218
218
219
219
219
219
219
222
221
221
222
222
223
224
224
224
225
225
225
225
225
226
226
227
227
228
228
228
228
229
229
232
232
232
233
232
233
233
233
235
236
236
237
237
237
237
237
237
238
238
239
239
241
241
241
243
243
242
243
244
244
245
247
247
247
248
248
249
251
251
252
253
253
253
253
253
253
254
254
255
256
256
257
257
258
258
258
259
263
263
263
263
263
264
264
264
264
264
266
268
268
269
272
270
270
270
270
272
272
273
273
274
275
276
277
278
278
278
278
279
280
280
282
282
282
283
283
283
285
286
287
288
288
289
289
289
290
292
293
294
295
296
296
296
296
297
297
297
299
299
300
300
303
303
304
304
305
306
307
307
308
308
308
308
309
310
313
313
313
313
313
314
314
316
317
318
318
319
319
319
323
324
324
324
325
324
324
326
327
329
329
330
331
331
334
335
335
335
336
337
339
339
339
340
343
341
344
344
344
345
345
347
349
348
348
349
350
351
351
351
352
355
356
356
357
358
358
358
361
361
362
364
364
365
366
367
368
368
368
368
369
369
372
372
372
372
374
376
377
378
380
381
380
382
381
382
385
385
387
388
388
390
391
391
392
394
395
395
396
397
398
398
399
401
401
403
403
403
405
407
407
408
408
408
410
411
412
415
413
413
415
415
417
418
419
419
420
422
422
425
426
427
428
428
428
430
430
430
432
435
436
435
437
438
440
441
442
442
442
443
444
447
447
448
