Task9
529
529
532
540
552
566
585
600
611
614
614
611
605
602
599
599
599
599
601
602
603
602
602
602
603
602
603
603
603
603
604
605
605
605
605
605
605
605
607
607
607
607
607
607
607
607
607
607
608
608
607
608
608
608
608
608
608
608
608
610
610
610
610
610
611
611
611
611
611
611
611
611
611
613
613
613
613
613
613
613
613
613
613
613
613
613
613
613
613
613
613
613
613
614
614
614
614
614
614
614
614
614
615
615
615
615
615
615
615
615
615
615
615
614
616
615
615
615
615
615
615
615
615
615
615
615
615
615
615
615
615
615
615
615
615
615
614
615
615
615
615
615
615
615
615
615
615
615
615
615
615
613
615
615
616
615
615
615
615
615
615
615
615
615
615
615
615
615
614
614
614
614
614
614
614
614
613
613
613
613
613
613
613
613
613
611
611
611
611
611
611
611
611
611
611
611
610
610
610
610
610
608
608
608
608
608
607
607
607
604
605
605
605
605
605
605
605
605
604
603
603
603
603
603
603
603
602
601
601
600
599
599
599
599
599
599
599
599
599
598
597
597
597
595
597
595
595
595
594
594
593
593
592
590
590
590
590
590
590
590
590
590
589
588
587
585
586
586
586
586
585
585
585
585
584
582
582
582
582
581
580
580
579
579
578
579
578
577
576
574
574
574
574
574
574
574
573
573
571
568
568
568
568
568
569
568
567
566
565
565
565
565
564
564
564
560
560
559
559
560
559
559
559
559
559
558
558
556
553
552
552
552
552
551
552
551
550
549
548
547
546
545
543
545
545
545
545
545
543
541
540
539
539
539
539
538
537
536
535
534
532
532
532
534
532
532
532
530
529
528
527
526
525
525
523
523
523
522
522
521
521
520
520
519
514
514
514
514
514
514
514
513
513
511
510
508
507
507
507
505
508
505
504
504
502
501
499
499
499
499
499
498
497
497
494
493
493
491
490
490
490
490
489
489
488
487
484
483
483
483
482
482
481
480
479
478
477
477
476
473
473
473
473
473
472
472
470
469
467
467
466
464
463
463
463
462
460
460
460
460
458
456
454
454
454
454
454
453
452
449
448
448
448
448
447
444
444
443
443
442
442
441
441
438
436
436
436
436
436
436
435
431
430
430
429
428
428
427
427
427
425
423
422
422
421
419
419
418
418
418
417
415
415
415
413
413
412
410
408
408
407
406
405
405
405
405
405
403
403
402
400
398
398
397
396
395
395
395
394
392
392
394
390
388
388
387
387
385
385
385
385
385
384
382
380
380
379
376
375
375
374
374
374
374
374
372
372
372
369
368
368
368
367
365
364
364
364
362
361
361
359
358
358
358
358
357
356
356
354
352
352
352
351
351
351
350
349
348
346
344
344
344
344
344
344
344
344
343
341
339
338
335
335
335
335
335
335
335
335
334
331
330
330
329
328
328
327
327
325
325
325
325
324
325
324
323
319
319
319
319
319
319
319
318
316
315
314
314
314
313
313
313
313
313
313
313
310
308
308
308
307
307
306
305
305
304
303
304
303
304
303
303
303
300
300
299
299
298
297
297
297
297
297
297
296
295
294
293
293
293
293
293
293
293
292
292
292
289
289
289
288
288
288
287
287
286
286
286
286
285
285
284
283
283
283
283
283
283
283
283
283
283
283
283
282
282
280
279
279
279
279
278
278
278
278
278
278
278
278
277
276
276
276
276
276
276
276
276
276
276
276
275
274
274
273
273
274
274
274
273
273
274
273
274
274
274
274
274
274
273
272
273
273
273
273
273
272
272
272
272
272
272
272
272
272
272
272
272
272
273
272
272
272
272
272
272
272
272
272
272
272
272
272
272
272
272
272
272
272
273
272
273
273
273
273
273
273
275
275
275
275
275
275
275
275
276
276
276
279
278
278
278
278
278
278
278
279
280
280
280
280
280
280
280
282
282
282
283
283
284
283
285
286
286
286
286
287
287
287
288
289
290
290
290
290
292
292
290
292
292
293
294
296
297
296
296
297
297
297
299
300
300
300
300
300
303
303
303
305
305
306
306
307
308
308
308
308
309
310
313
313
313
313
313
313
314
317
318
319
319
320
321
321
324
323
323
324
324
325
325
327
330
331
331
331
331
333
334
335
335
335
337
339
340
341
341
341
343
343
344
344
347
348
349
349
351
351
351
351
352
355
356
357
358
358
361
361
362
362
364
364
366
367
368
368
372
374
372
374
374
377
380
380
380
380
381
382
384
385
386
388
388
391
392
392
392
394
395
396
398
399
401
402
403
403
403
406
408
409
411
412
413
413
413
415
418
418
421
423
426
426
427
427
427
428
430
431
435
436
436
437
440
441
441
442
442
443
447
448
451
453
453
453
456
456
457
459
460
461
463
466
467
469
469
470
472
472
473
477
478
480
481
482
483
486
488
489
489
490
492
494
497
498
499
499
501
503
504
505
508
510
511
513
513
513
519
520
520
521
521
523
526
528
529
529
532
534
536
538
539
539
541
543
545
545
549
550
551
552
555
556
558
559
559
560
564
565
567
571
573
573
573
574
576
578
579
582
584
585
586
588
589
590
593
594
597
598
599
600
602
603
605
608
610
611
613
614
614
616
619
621
624
624
624
626
627
630
632
633
634
637
638
640
641
642
645
646
648
650
650
652
653
656
657
660
660
661
663
665
667
669
671
671
674
677
678
679
680
681
681
685
687
689
691
691
692
695
697
697
699
703
703
704
706
706
708
712
713
715
716
717
720
720
722
723
725
728
728
730
732
732
735
737
738
738
741
742
744
745
747
748
751
752
754
755
756
758
759
761
762
763
765
767
770
771
772
772
772
776
777
778
778
779
782
784
785
788
790
790
792
794
794
795
797
798
800
802
803
807
807
808
808
809
809
812
814
815
817
818
821
821
821
823
824
826
828
829
829
830
833
834
836
837
837
839
840
842
842
844
846
846
848
849
850
851
852
853
854
857
860
860
860
860
861
861
865
866
867
867
868
870
872
873
874
874
875
877
878
879
879
880
880
881
885
885
885
885
885
885
885
885
886
887
887
886
887
887
887
888
888
889
890
890
890
890
891
891
891
891
891
891
892
892
892
892
892
892
893
893
893
893
893
894
893
894
894
894
894
894
894
895
895
895
895
895
895
895
895
895
895
895
895
895
895
895
895
895
895
895
895
895
895
895
895
895
895
895
895
895
895
895
895
895
895
895
895
895
895
895
895
895
895
895
895
895
894
894
893
893
893
894
893
893
893
893
893
893
892
892
892
891
891
891
891
890
890
889
890
890
890
889
890
889
889
888
887
887
887
887
887
887
887
886
885
885
885
885
885
885
885
885
883
883
882
881
881
881
881
881
880
880
880
880
880
879
879
879
878
877
877
876
876
876
876
876
875
875
874
874
874
873
873
873
873
873
872
872
870
872
870
869
869
869
868
868
868
867
868
867
867
866
865
865
864
864
862
862
862
862
862
862
861
861
861
861
861
860
860
855
854
853
853
852
851
850
849
848
846
846
846
844
842
842
841
839
838
837
836
834
833
831
831
830
829
829
827
826
824
822
821
821
818
817
816
815
814
812
810
809
809
807
807
802
802
801
799
798
797
795
794
792
790
790
787
785
784
783
781
779
778
778
777
773
772
770
767
764
764
763
763
761
759
758
755
754
751
749
747
746
744
744
741
739
738
736
733
732
730
728
726
724
723
720
719
717
715
713
712
709
707
706
704
702
698
697
695
693
690
691
687
685
682
679
680
678
674
671
670
669
666
663
663
661
659
656
653
651
650
645
646
642
640
638
636
633
631
629
627
624
623
620
617
614
613
611
607
604
603
601
600
598
594
590
588
586
584
581
579
578
574
573
568
565
564
563
559
558
554
551
550
547
545
541
539
538
535
532
529
527
525
521
521
517
513
511
508
505
504
500
499
497
494
490
489
487
482
480
478
473
472
470
467
463
460
460
456
453
451
448
444
442
440
436
435
431
428
427
423
419
418
415
413
411
408
403
402
399
397
394
394
388
385
382
380
375
372
372
368
367
364
359
357
354
351
348
344
344
341
338
335
331
328
325
324
319
318
313
313
309
307
304
300
297
296
292
289
285
283
279
278
274
272
269
267
264
263
257
255
253
248
245
243
239
237
236
232
228
225
224
221
218
214
209
209
206
204
198
196
194
192
190
186
183
181
178
175
172
167
166
164
160
159
154
153
149
147
144
142
141
140
137
137
135
134
133
133
132
130
129
127
127
125
123
123
122
121
120
117
116
116
116
116
116
115
114
112
110
110
108
108
106
105
105
105
104
103
102
102
102
100
99
99
99
99
98
98
95
94
93
93
93
93
92
92
91
91
90
89
86
86
86
86
86
86
86
86
85
85
85
84
83
83
82
82
82
82
82
82
82
82
79
79
79
79
79
79
79
79
79
79
79
79
79
79
78
78
78
78
78
78
79
78
78
78
78
78
78
78
78
78
79
78
78
78
78
78
78
78
78
78
78
78
78
78
78
78
78
78
78
78
78
78
78
78
78
78
78
78
78
78
78
78
78
79
78
78
78
79
78
78
78
79
79
79
79
81
82
82
82
82
83
82
82
83
82
82
82
82
82
82
84
85
85
85
85
85
85
85
85
85
85
85
85
88
89
89
90
90
89
90
90
90
90
90
90
90
90
91
92
93
94
95
96
96
96
96
96
96
96
96
96
96
98
98
99
99
100
102
102
102
102
102
102
102
102
102
103
105
106
106
108
106
108
108
108
108
109
110
110
110
110
110
112
112
113
113
114
114
114
114
115
115
115
115
116
116
117
119
120
120
120
120
120
121
121
122
122
123
123
123
124
126
126
126
126
126
126
126
126
127
127
129
129
129
132
132
132
133
133
133
133
133
133
134
136
137
136
137
137
137
137
137
137
139
139
140
141
142
142
142
143
143
144
144
145
146
146
147
147
147
147
147
147
147
149
149
151
152
152
152
152
152
152
153
152
153
155
156
157
157
157
157
157
157
157
157
157
159
160
160
161
161
162
163
164
164
165
164
164
165
166
166
166
167
167
167
167
167
167
167
167
167
171
172
172
172
172
173
173
175
175
175
175
175
175
175
175
176
177
177
177
178
178
180
178
180
181
182
182
182
182
182
183
184
187
188
191
192
192
193
195
195
197
198
200
203
204
205
205
207
208
209
209
211
215
218
219
219
221
219
224
225
227
228
229
232
233
237
237
237
239
241
243
246
247
248
249
253
253
254
256
258
262
263
264
265
269
269
270
273
275
278
279
282
283
284
287
289
292
293
294
296
296
298
300
303
306
307
308
313
313
314
318
319
323
324
325
327
330
333
335
336
340
341
343
344
344
349
351
352
356
358
359
362
364
367
368
369
372
374
378
380
382
385
388
390
392
394
396
398
401
403
405
408
411
413
415
418
419
422
427
428
429
431
436
436
441
442
443
447
449
453
454
456
459
460
463
467
469
472
473
477
480
482
484
488
489
490
494
497
499
502
504
507
511
513
514
520
521
522
526
528
529
534
537
539
541
545
548
550
552
558
558
559
564
565
569
573
574
578
579
582
584
587
590
593
597
599
601
603
607
610
613
614
617
621
624
624
628
631
633
637
640
642
645
648
651
653
656
659
661
663
666
670
671
677
680
681
684
687
691
691
695
697
700
704
706
708
712
715
719
721
723
726
728
732
735
738
741
743
746
749
751
755
758
761
763
765
770
772
775
778
778
782
785
788
790
794
797
799
802
807
808
810
813
816
818
821
824
828
829
833
836
838
841
842
844
846
846
847
848
849
850
851
853
854
854
859
859
860
860
860
861
863
865
866
867
867
868
868
870
872
872
874
874
875
876
877
878
878
879
879
880
881
883
885
885
885
885
885
887
887
887
888
889
891
891
892
892
892
892
893
894
895
895
895
895
895
897
897
897
897
899
899
899
900
900
900
901
901
903
903
903
903
903
903
903
903
905
905
905
905
906
906
905
906
906
906
906
906
906
906
906
907
908
908
907
908
908
908
907
908
908
908
908
909
909
909
909
909
909
909
909
909
909
909
909
908
909
909
909
909
909
909
909
909
909
909
909
909
909
909
909
909
909
909
909
909
909
909
909
909
909
909
909
909
909
909
909
908
908
908
908
907
907
907
907
906
906
906
906
906
906
905
905
904
904
904
903
904
904
903
903
903
903
903
901
901
900
900
900
900
900
900
900
900
900
900
899
897
897
897
896
896
896
895
895
895
895
895
895
895
895
894
892
892
892
891
892
891
890
889
889
890
889
889
889
888
887
887
887
887
886
885
885
886
885
886
885
885
883
882
881
881
881
881
880
880
880
880
879
879
878
877
876
875
875
875
875
875
874
874
874
873
873
873
873
872
872
872
870
870
869
868
868
868
868
868
866
866
865
866
865
865
864
862
861
861
861
861
861
861
861
861
861
860
860
861
860
859
856
855
854
854
854
855
854
854
855
854
853
853
852
851
851
850
850
850
849
849
849
848
847
847
847
847
846
846
846
846
846
846
844
842
842
842
842
841
841
839
839
839
839
839
838
838
837
837
837
836
836
835
833
833
833
833
833
833
833
833
833
833
831
830
829
829
829
829
829
828
826
826
826
826
826
826
824
824
824
823
823
823
822
822
821
821
822
821
821
821
818
818
818
818
818
818
817
817
816
815
816
815
815
815
815
814
812
812
812
812
812
810
810
810
810
809
809
808
807
803
802
800
798
798
797
795
794
794
792
790
789
787
785
784
784
781
779
778
778
777
776
772
771
770
767
765
764
763
763
762
759
758
755
754
752
751
749
747
746
744
743
741
739
738
737
734
732
732
729
728
726
725
723
720
719
717
715
713
712
709
707
705
705
703
702
697
697
695
692
691
690
687
685
683
681
680
678
674
672
671
670
668
665
663
661
661
659
656
653
651
650
646
644
641
640
638
636
634
633
630
627
624
624
623
619
615
613
613
610
607
605
603
601
599
598
594
590
589
587
585
582
580
578
576
573
569
566
564
564
560
559
558
554
551
550
547
545
541
539
538
535
532
529
528
526
522
521
519
514
513
510
507
504
502
499
498
497
493
490
489
487
482
480
478
473
472
471
468
466
460
460
457
454
453
448
447
443
442
439
437
435
430
428
427
423
419
418
415
413
411
408
405
403
399
398
395
392
388
385
384
380
378
374
372
369
368
367
362
358
356
352
351
348
344
343
341
338
335
331
328
325
324
320
318
314
313
310
308
306
303
299
296
294
292
288
284
282
279
277
273
272
269
266
264
263
258
254
253
249
246
243
241
237
237
233
229
227
225
222
219
218
214
209
209
206
204
200
196
194
192
191
187
184
182
178
176
173
171
167
166
162
161
160
159
159
157
155
153
153
153
152
150
149
147
146
145
143
142
141
140
140
139
136
135
133
134
133
133
132
132
129
129
129
129
127
126
124
123
123
123
122
122
120
119
117
117
117
116
116
116
116
116
115
114
114
112
111
110
110
110
110
110
109
109
108
108
106
106
105
105
105
105
105
105
103
103
102
102
102
102
102
102
102
100
99
99
99
99
99
99
99
99
99
99
99
99
99
99
99
99
99
99
98
98
98
98
96
96
96
96
96
96
96
96
96
96
96
96
96
96
96
96
95
96
96
96
96
96
96
96
96
96
96
96
96
96
96
96
96
96
96
96
96
96
96
96
96
96
96
96
96
96
96
96
96
96
96
96
96
96
95
96
96
96
96
98
98
98
98
98
99
99
99
99
100
101
102
102
102
101
101
101
101
102
102
102
102
102
102
104
105
105
105
105
106
105
106
106
106
108
108
108
109
109
109
109
109
110
110
110
110
111
112
112
113
113
113
113
114
114
114
114
115
115
115
116
116
115
116
116
116
119
120
120
120
120
120
121
121
122
122
122
123
123
123
123
125
126
126
126
125
126
126
126
126
126
127
127
127
129
129
130
132
132
132
132
133
133
133
135
133
135
135
136
136
136
136
136
136
137
137
139
139
140
140
140
141
142
141
142
142
143
143
143
144
145
146
146
146
146
146
147
147
147
147
147
149
149
151
152
152
152
152
152
152
152
153
153
153
156
156
157
157
157
157
157
157
157
157
159
159
160
160
160
161
161
162
163
164
164
164
164
164
164
164
165
166
167
167
167
167
167
167
167
167
167
168
172
172
171
172
172
172
173
174
175
175
175
175
175
176
176
177
177
177
177
177
177
177
178
178
180
181
181
182
181
182
182
183
183
184
184
184
185
186
186
186
186
187
188
188
188
188
188
188
188
190
191
192
193
195
196
197
200
202
202
204
205
205
206
207
209
209
209
214
216
218
218
219
219
221
224
225
226
228
228
232
232
235
237
237
238
239
242
244
245
247
248
251
253
253
254
254
257
258
263
263
264
265
269
269
270
273
275
278
278
282
283
283
287
288
289
292
293
294
296
297
299
303
304
307
307
309
313
313
314
318
319
323
324
325
327
330
331
335
335
338
340
341
343
344
348
349
351
352
356
358
361
362
365
367
368
369
372
374
378
380
382
384
387
388
391
392
394
397
399
401
405
405
408
411
413
415
418
419
422
427
428
429
431
436
436
440
441
442
446
448
451
453
456
458
460
462
466
469
470
472
473
478
480
482
486
488
490
491
494
498
499
501
504
508
511
513
514
520
521
521
525
528
529
532
536
539
540
543
545
549
550
554
556
559
560
564
565
569
573
574
578
579
582
584
587
589
593
595
599
601
603
605
608
613
614
617
621
623
624
627
629
633
634
638
640
643
646
648
651
653
656
660
661
663
666
670
671
676
679
681
683
686
690
691
695
697
700
703
706
707
711
713
717
719
722
725
728
730
732
736
739
741
744
746
749
752
755
758
761
763
765
769
772
773
777
778
781
785
786
790
794
795
798
801
802
807
809
812
815
817
821
822
825
828
830
833
836
837
839
840
842
842
843
844
846
846
848
849
850
850
852
853
854
857
859
860
859
860
860
861
862
865
866
867
867
867
867
868
870
870
872
873
874
874
874
876
877
878
879
879
879
879
880
880
881
885
885
885
885
885
885
886
887
887
887
887
889
890
891
891
891
892
891
892
892
893
894
894
895
895
895
895
895
895
895
895
895
896
897
897
899
899
899
899
899
899
899
899
900
900
900
900
900
901
901
901
901
901
901
900
901
901
901
901
902
903
903
903
903
903
903
903
903
903
903
903
903
903
903
903
903
903
903
903
903
903
903
903
903
903
903
903
903
903
903
903
903
903
903
903
903
903
903
903
903
903
903
903
903
903
902
902
901
901
901
901
901
901
901
900
900
900
900
900
900
900
900
900
900
900
899
899
897
897
897
897
897
897
897
895
895
895
895
895
895
895
895
895
894
893
892
892
892
891
891
891
891
891
890
889
889
889
889
888
888
887
887
887
887
887
887
887
887
887
885
885
883
883
882
882
882
882
882
881
881
880
880
880
880
879
879
879
878
877
876
875
875
875
875
875
875
875
874
873
873
873
873
872
872
872
872
872
872
870
869
868
868
868
867
867
866
865
866
865
865
865
863
861
861
861
861
861
861
861
861
861
861
861
860
860
860
860
857
855
855
855
855
855
854
855
854
854
853
853
852
851
851
851
851
850
850
850
848
848
848
847
847
847
847
847
846
846
846
846
844
843
842
842
842
842
842
842
841
840
840
839
838
838
838
838
837
837
837
836
836
835
833
833
833
833
833
833
833
833
833
833
831
830
830
829
829
829
829
828
827
826
826
826
826
826
826
826
824
824
823
823
822
821
821
821
821
821
821
821
821
821
818
818
817
817
817
817
816
816
816
815
815
815
815
813
812
812
813
812
812
812
812
811
810
809
809
809
808
807
807
802
801
801
799
798
797
796
795
794
792
790
790
787
785
784
784
781
779
778
778
778
777
773
772
771
767
765
764
764
763
762
761
759
758
755
754
752
750
748
747
745
744
743
741
739
738
737
733
732
730
728
728
726
724
722
720
719
717
715
713
712
709
707
706
705
703
702
697
697
695
692
691
690
687
685
683
681
680
678
676
672
671
670
669
666
663
661
661
659
656
654
651
650
648
645
642
640
638
636
634
633
630
628
627
624
623
619
616
615
613
611
608
605
603
602
599
599
594
593
590
588
585
582
581
579
578
574
573
568
565
564
564
559
559
556
552
550
548
545
543
540
539
537
534
530
529
527
524
521
520
517
513
512
510
507
504
502
499
500
495
493
490
489
486
482
480
477
473
472
470
468
463
460
460
457
454
452
448
447
442
442
440
436
433
430
428
427
422
419
418
415
413
411
408
403
402
399
397
395
391
388
385
384
380
378
374
374
369
368
366
362
358
357
352
351
349
344
343
341
338
335
331
329
325
325
324
319
316
313
313
308
306
303
299
297
295
292
289
285
282
282
278
277
273
270
268
264
263
258
255
253
252
248
244
239
239
237
235
232
228
225
224
221
218
215
209
209
207
205
202
198
195
193
192
188
185
183
181
177
175
172
168
166
164
161
160
160
159
159
156
154
153
153
152
152
151
149
147
146
145
143
143
142
141
140
139
137
135
135
134
134
134
133
132
131
129
129
127
127
126
124
123
123
123
123
122
122
121
119
119
117
116
116
116
116
116
116
115
114
114
112
112
110
110
110
110
110
110
110
109
108
106
106
105
105
105
105
105
105
105
104
103
102
102
102
102
102
102
102
102
102
100
99
99
99
99
99
99
99
99
99
99
99
99
99
99
99
99
99
99
99
99
99
99
99
98
98
98
98
96
96
96
98
96
96
96
96
96
96
96
96
96
96
96
96
96
96
96
96
96
96
96
96
96
96
96
96
96
96
96
96
96
96
96
96
96
96
96
96
96
96
96
96
96
98
98
98
99
98
99
99
99
99
101
100
102
102
102
102
102
102
102
102
102
102
102
102
102
103
105
105
105
106
105
105
105
106
106
106
108
108
108
108
108
108
109
109
109
110
110
110
110
111
112
112
113
113
114
114
114
114
114
114
114
114
115
115
115
116
116
119
119
119
119
120
120
120
120
120
121
121
122
122
123
123
123
123
125
126
126
126
126
126
126
126
126
126
127
129
127
127
129
131
132
132
132
132
132
133
133
133
134
135
135
136
136
136
136
136
136
137
137
139
139
140
140
140
140
140
141
142
142
143
143
144
145
145
145
145
146
146
147
147
147
147
147
147
149
149
150
151
152
152
152
152
152
152
151
152
153
153
156
157
157
157
157
157
157
157
157
157
157
159
159
160
160
161
161
162
164
165
164
164
163
165
165
166
166
166
166
166
167
167
167
167
167
167
167
170
172
172
172
172
172
172
172
172
173
174
175
176
177
176
176
176
176
176
176
177
177
178
180
180
180
181
181
182
182
182
182
182
183
183
184
184
185
186
186
186
186
187
187
188
188
188
187
188
188
190
192
192
194
195
196
198
200
202
203
204
205
205
206
208
209
209
209
214
216
218
219
219
221
222
224
225
225
228
229
232
233
236
237
237
238
239
241
243
246
248
249
251
253
253
254
255
258
258
262
264
264
267
269
270
270
273
275
277
279
282
283
284
287
288
289
292
293
295
296
297
299
303
304
307
308
309
313
313
314
318
319
323
324
325
326
330
330
335
335
338
340
341
343
344
347
349
351
352
356
357
361
362
365
367
368
369
372
374
378
380
382
384
386
388
390
392
395
397
399
401
403
406
408
411
413
415
418
418
422
426
428
428
431
435
436
439
441
442
444
448
451
453
454
458
460
461
466
468
470
472
473
478
480
482
484
488
489
490
493
497
499
502
504
507
510
513
514
519
520
521
525
527
529
532
536
538
540
542
545
548
550
553
556
559
560
564
565
569
573
574
578
579
581
584
586
589
593
594
599
600
602
605
608
611
613
616
619
623
624
627
629
632
634
637
640
642
645
648
651
653
656
659
661
663
666
670
671
674
679
681
682
686
689
691
693
697
699
703
706
707
710
713
716
719
722
724
728
729
732
735
738
741
744
746
748
751
755
758
759
762
764
768
771
772
776
778
781
784
785
790
792
795
797
800
802
807
809
810
813
815
818
821
824
827
829
833
836
837
839
840
841
842
842
844
846
846
848
848
850
851
851
853
854
855
859
859
859
860
861
861
863
865
865
865
866
867
867
868
869
872
872
872
873
874
875
875
877
878
878
878
879
879
880
880
882
885
885
885
885
885
885
886
887
887
887
887
888
889
890
891
891
891
891
892
892
892
893
893
895
895
894
895
895
895
895
895
895
895
897
897
897
897
899
899
899
899
899
899
899
899
900
900
900
900
901
901
901
901
901
901
901
901
901
901
901
901
902
903
903
903
903
903
903
903
903
903
903
903
903
903
903
903
903
903
903
903
903
903
903
903
903
903
903
903
903
903
903
903
903
903
903
903
903
903
903
903
903
903
903
903
902
902
901
901
901
901
901
901
901
901
900
900
900
900
900
900
900
900
900
900
899
899
897
897
897
