Q,A,O,P
0.00,0.00,0.00,0.00,
0.00,0.00,0.00,0.00,
0.00,0.00,0.00,0.00,
0.00,0.00,0.00,0.00,
0.00,0.00,0.00,0.00,
0.00,0.00,0.00,0.00,
0.00,0.00,0.00,0.00,
0.00,0.00,0.00,0.00,
0.00,0.00,0.00,0.00,
0.00,0.00,0.00,0.00,
0.00,0.00,0.00,0.00,
0.00,0.00,0.00,0.00,
0.00,0.00,0.00,0.00,
0.00,0.00,0.00,0.00,
0.00,0.00,0.00,0.00,
0.00,0.00,0.00,0.00,
0.00,0.00,0.00,0.00,
0.00,0.00,0.00,0.00,
0.00,0.00,0.00,0.00,
0.00,0.00,0.00,0.00,
0.00,0.00,0.00,0.00,
0.00,0.00,0.00,0.00,
0.00,0.00,0.00,0.00,
0.00,0.00,0.00,0.00,
0.00,0.00,0.00,0.00,
0.00,0.00,0.00,0.00,
0.00,0.00,0.00,0.00,
0.00,0.00,0.00,0.00,
0.00,0.00,0.00,0.00,
0.00,0.00,0.00,0.00,
0.00,0.00,0.00,0.00,
0.00,0.00,0.00,0.00,
0.00,0.00,0.00,0.00,
0.00,0.00,0.00,0.00,
0.00,0.00,0.00,0.00,
0.00,0.00,0.00,0.00,
0.00,0.00,0.00,0.00,
0.00,0.00,0.00,0.00,
0.00,0.00,0.00,0.00,
0.00,0.00,0.00,0.00,
0.00,0.00,0.00,0.00,
0.00,0.00,0.00,0.00,
0.00,0.00,0.00,0.00,
0.00,0.00,0.00,0.00,
0.00,0.00,0.00,0.00,
0.00,0.00,0.00,0.00,
0.00,0.00,0.00,0.00,
0.00,0.00,0.00,0.00,
0.00,0.00,0.00,0.00,
0.00,0.00,0.00,0.00,
0.00,0.00,0.00,0.00,
0.00,0.00,0.00,0.00,
0.00,0.00,0.00,0.00,
0.00,0.00,0.00,0.00,
0.00,0.00,0.00,0.00,
0.00,0.00,0.00,0.00,
0.00,0.00,0.00,0.00,
0.00,0.00,0.00,0.00,
0.00,0.00,0.00,0.00,
0.00,0.00,0.00,0.00,
0.00,0.00,0.00,0.00,
0.00,0.00,0.00,0.00,
0.00,0.00,0.00,0.00,
0.00,0.00,0.00,0.00,
0.00,0.00,0.00,0.00,
0.00,0.00,0.00,0.00,
0.00,0.00,0.00,0.00,
0.00,0.00,0.00,0.00,
0.00,0.00,0.00,0.00,
0.00,0.00,0.00,0.00,
0.00,0.00,0.00,0.00,
0.00,0.00,0.00,0.00,
0.00,0.00,0.00,0.00,
0.00,0.00,0.00,0.00,
0.00,0.00,0.00,0.00,
0.00,0.00,0.00,0.00,
0.00,0.00,0.00,0.00,
0.00,0.00,0.00,0.00,
0.00,0.00,0.00,0.00,
0.00,0.00,0.00,0.00,
0.00,0.00,0.00,0.00,
0.00,0.00,0.00,0.00,
0.00,0.00,0.00,0.00,
0.00,0.00,0.00,0.00,
0.00,0.00,0.00,0.00,
0.00,0.00,0.00,0.00,
0.00,0.00,0.00,0.00,
0.00,0.00,0.00,0.00,
0.00,0.00,0.00,0.00,
0.00,0.00,0.00,0.00,
0.00,0.00,0.00,0.00,
0.00,0.00,0.00,0.00,
0.00,0.00,0.00,0.00,
0.00,0.00,0.00,0.00,
0.00,0.00,0.00,0.00,
0.00,0.00,0.00,0.00,
0.00,0.00,0.00,0.00,
0.00,0.00,0.00,0.00,
0.00,0.00,0.00,0.00,
0.00,0.00,0.00,0.00,
0.00,0.00,0.00,0.00,
0.00,0.00,0.00,0.00,
0.00,0.00,0.00,0.00,
0.00,0.00,0.00,0.00,
0.00,0.00,0.00,0.00,
0.00,0.00,0.00,0.00,
0.00,0.00,0.00,0.00,
0.00,0.00,0.00,0.00,
0.00,0.00,0.00,0.00,
0.00,0.00,0.00,0.00,
0.00,0.00,0.00,0.00,
0.00,0.00,0.00,0.00,
0.00,0.00,0.00,0.00,
0.00,0.00,0.00,0.00,
0.00,0.00,0.00,0.00,
0.00,0.00,0.00,0.00,
0.00,0.00,0.00,0.00,
0.00,0.00,0.00,0.00,
0.00,0.00,0.00,0.00,
0.00,0.00,0.00,0.00,
0.00,0.00,0.00,0.00,
0.00,0.00,0.00,0.00,
0.00,0.00,0.00,0.00,
0.00,0.00,0.00,0.00,
0.00,0.00,0.00,0.00,
0.00,0.00,0.00,0.00,
0.00,0.00,0.00,0.00,
0.00,0.00,0.00,0.00,
0.00,0.00,0.00,0.00,
0.00,0.00,0.00,0.00,
0.00,0.00,0.00,0.00,
0.00,0.00,0.00,0.00,
0.00,0.00,0.00,0.00,
0.00,0.00,0.00,0.00,
0.00,0.00,0.00,0.00,
0.00,0.00,0.00,0.00,
0.00,0.00,0.00,0.00,
0.00,0.00,0.00,0.00,
0.00,0.00,0.00,0.00,
0.00,0.00,0.00,0.00,
0.00,0.00,0.00,0.00,
0.00,0.00,0.00,0.00,
0.00,0.00,0.00,0.00,
0.00,0.00,0.00,0.00,
0.00,0.00,0.00,0.00,
0.00,0.00,0.00,0.00,
0.00,0.00,0.00,0.00,
0.00,0.00,0.00,0.00,
0.00,0.00,0.00,0.00,
0.00,0.00,0.00,0.00,
0.00,0.00,0.00,0.00,
0.00,0.00,0.00,0.00,
0.00,0.00,0.00,0.00,
0.00,0.00,0.00,0.00,
0.00,0.00,0.00,0.00,
0.46,0.00,0.00,0.00,
0.91,0.00,0.00,0.00,
1.33,0.00,0.00,0.00,
1.73,0.00,0.00,0.00,
1.65,0.00,0.00,0.00,
1.57,0.00,0.00,0.00,
1.49,0.00,0.00,0.00,
1.42,0.00,0.00,0.00,
1.35,0.00,0.00,0.00,
1.29,0.00,0.00,0.00,
1.22,0.00,0.00,0.00,
1.16,0.00,0.00,0.00,
1.11,0.00,0.00,0.00,
1.05,0.00,0.00,0.00,
1.00,0.00,0.00,0.00,
0.95,0.00,0.00,0.00,
0.90,0.00,0.00,0.00,
0.85,0.00,0.00,0.00,
0.81,0.00,0.00,0.00,
0.77,0.00,0.00,0.00,
0.73,0.00,0.00,0.00,
0.69,0.00,0.00,0.00,
0.65,0.00,0.00,0.00,
0.62,0.00,0.00,0.00,
0.58,0.00,0.00,0.00,
0.55,0.00,0.00,0.00,
0.52,0.00,0.00,0.00,
0.49,0.00,0.00,0.00,
0.46,0.00,0.00,0.00,
0.43,0.00,0.00,0.00,
0.41,0.00,0.00,0.00,
0.38,0.00,0.00,0.00,
0.36,0.00,0.00,0.00,
0.34,0.00,0.00,0.00,
0.31,0.00,0.00,0.00,
0.29,0.00,0.00,0.00,
0.27,0.00,0.00,0.00,
0.26,0.00,0.00,0.00,
0.24,0.00,0.00,0.00,
0.22,0.00,0.00,0.00,
0.20,0.00,0.00,0.00,
0.19,0.00,0.00,0.00,
0.17,0.00,0.00,0.00,
0.16,0.00,0.00,0.00,
0.14,0.00,0.00,0.00,
0.13,0.00,0.00,0.00,
0.12,0.00,0.00,0.00,
0.11,0.00,0.00,0.00,
0.10,0.00,0.00,0.00,
0.09,0.00,0.00,0.00,
0.08,0.00,0.00,0.00,
0.07,0.00,0.00,0.00,
0.06,0.00,0.00,0.00,
0.05,0.00,0.00,0.00,
0.04,0.00,0.00,0.00,
0.03,0.00,0.00,0.00,
0.02,0.00,0.00,0.00,
0.02,0.00,0.00,0.00,
0.01,0.00,0.00,0.00,
0.00,0.00,0.00,0.00,
-0.00,0.00,0.00,0.00,
-0.01,0.00,0.00,0.00,
-0.01,0.00,0.00,0.00,
-0.02,0.00,0.00,0.00,
-0.02,0.00,0.00,0.00,
-0.03,0.00,0.00,0.00,
-0.03,0.00,0.00,0.00,
-0.04,0.00,0.00,0.00,
-0.04,0.00,0.00,0.00,
-0.05,0.00,0.00,0.00,
-0.05,0.00,0.00,0.00,
-0.05,0.00,0.00,0.00,
-0.06,0.00,0.00,0.00,
-0.06,0.00,0.00,0.00,
-0.06,0.00,0.00,0.00,
-0.06,0.00,0.00,0.00,
-0.07,0.00,0.00,0.00,
-0.07,0.00,0.00,0.00,
-0.07,0.00,0.00,0.00,
-0.07,0.00,0.00,0.00,
-0.08,0.00,0.00,0.00,
-0.08,0.00,0.00,0.00,
-0.08,0.00,0.00,0.00,
-0.08,0.00,0.00,0.00,
-0.08,0.00,0.00,0.00,
-0.08,0.00,0.00,0.00,
-0.08,0.00,0.00,0.00,
-0.09,0.00,0.00,0.00,
-0.09,0.00,0.00,0.00,
-0.09,0.00,0.00,0.00,
-0.09,0.00,0.00,0.00,
-0.09,0.00,0.00,0.00,
-0.09,0.00,0.00,0.00,
-0.09,0.00,0.00,0.00,
-0.09,0.00,0.00,0.00,
-0.09,0.00,0.00,0.00,
-0.09,0.00,0.00,0.00,
-0.09,0.09,0.00,0.00,
-0.09,0.19,0.00,0.00,
-0.09,0.28,0.00,0.00,
-0.09,0.28,0.00,0.00,
-0.09,0.27,0.00,0.00,
-0.09,0.27,0.00,0.00,
-0.09,0.26,0.00,0.00,
-0.09,0.25,0.00,0.00,
-0.09,0.25,0.00,0.00,
-0.09,0.24,0.00,0.00,
-0.09,0.23,0.00,0.00,
-0.09,0.23,0.00,0.00,
-0.09,0.22,0.00,0.00,
-0.09,0.21,0.00,0.00,
-0.09,0.20,0.00,0.00,
-0.09,0.19,0.00,0.00,
-0.09,0.18,0.00,0.00,
-0.09,0.17,0.00,0.00,
-0.09,0.16,0.00,0.00,
-0.09,0.15,0.00,0.00,
-0.09,0.14,0.00,0.00,
-0.09,0.13,0.00,0.00,
-0.09,0.12,0.00,0.00,
-0.09,0.11,0.00,0.00,
-0.09,0.10,0.00,0.00,
-0.09,0.08,0.00,0.00,
-0.09,0.07,0.00,0.00,
-0.09,0.06,0.00,0.00,
-0.09,0.05,0.00,0.00,
-0.09,0.04,0.00,0.00,
-0.08,0.03,0.00,0.00,
-0.08,0.02,0.00,0.00,
-0.08,0.01,0.00,0.00,
-0.08,-0.00,0.00,0.00,
-0.08,-0.02,0.00,0.00,
-0.08,-0.03,0.00,0.00,
-0.08,-0.04,0.00,0.00,
-0.08,-0.05,0.00,0.00,
-0.08,-0.06,0.00,0.00,
-0.08,-0.07,0.00,0.00,
-0.08,-0.07,0.00,0.00,
-0.08,-0.08,0.00,0.00,
-0.08,-0.09,0.00,0.00,
-0.08,-0.10,0.00,0.00,
-0.08,-0.11,0.00,0.00,
-0.08,-0.12,0.00,0.00,
-0.08,-0.12,0.00,0.00,
-0.07,-0.13,0.00,0.00,
-0.07,-0.14,0.00,0.00,
-0.07,-0.14,0.00,0.00,
-0.07,-0.15,0.00,0.00,
-0.07,-0.15,0.00,0.00,
-0.07,-0.16,0.00,0.00,
-0.07,-0.16,0.00,0.00,
-0.07,-0.17,0.00,0.00,
-0.07,-0.17,0.00,0.00,
-0.07,-0.17,0.00,0.00,
-0.07,-0.17,0.00,0.00,
-0.07,-0.18,0.00,0.00,
-0.07,-0.18,0.00,0.00,
-0.07,-0.18,0.00,0.00,
-0.07,-0.18,0.00,0.00,
-0.07,-0.18,0.00,0.00,
-0.06,-0.18,0.00,0.00,
-0.06,-0.18,0.00,0.00,
-0.06,-0.18,0.00,0.00,
-0.06,-0.18,0.00,0.00,
-0.06,-0.18,0.10,0.00,
-0.06,-0.17,0.20,0.00,
-0.06,-0.17,0.21,0.00,
-0.06,-0.17,0.22,0.00,
-0.06,-0.17,0.23,0.00,
-0.06,-0.16,0.23,0.00,
-0.06,-0.16,0.24,0.00,
-0.06,-0.16,0.25,0.00,
-0.06,-0.15,0.26,0.00,
-0.06,-0.15,0.27,0.00,
-0.06,-0.14,0.28,0.00,
-0.06,-0.14,0.29,0.00,
-0.06,-0.13,0.29,0.00,
-0.05,-0.13,0.30,0.00,
-0.05,-0.12,0.31,0.00,
-0.05,-0.11,0.32,0.00,
-0.05,-0.11,0.32,0.00,
-0.05,-0.10,0.33,0.00,
-0.05,-0.09,0.34,0.00,
-0.05,-0.09,0.34,0.00,
-0.05,-0.08,0.35,0.00,
-0.05,-0.07,0.35,0.00,
-0.05,-0.07,0.36,0.00,
-0.05,-0.06,0.36,0.00,
-0.05,-0.05,0.37,0.00,
-0.05,-0.05,0.37,0.00,
-0.05,-0.04,0.37,0.00,
-0.05,-0.03,0.38,0.00,
-0.05,-0.03,0.38,0.00,
-0.05,-0.02,0.38,0.00,
-0.05,-0.01,0.38,0.00,
-0.05,-0.01,0.38,0.00,
-0.04,0.00,0.38,0.00,
-0.04,0.01,0.37,0.00,
-0.04,0.01,0.37,0.00,
-0.04,0.02,0.37,0.00,
-0.04,0.03,0.36,0.00,
-0.04,0.03,0.36,0.00,
-0.04,0.04,0.35,0.00,
-0.04,0.05,0.34,0.00,
-0.04,0.05,0.34,0.00,
-0.04,0.06,0.33,0.00,
-0.04,0.06,0.32,0.00,
-0.04,0.07,0.31,0.00,
-0.04,0.07,0.29,0.00,
-0.04,0.08,0.28,0.00,
-0.04,0.08,0.27,0.00,
-0.04,0.08,0.25,0.00,
-0.04,0.09,0.23,0.00,
-0.04,0.09,0.22,0.00,
-0.04,0.09,0.20,0.00,
-0.04,0.10,0.18,0.12,
-0.04,0.10,0.15,0.28,
-0.04,0.10,0.13,0.41,
-0.04,0.10,0.11,0.57,
-0.04,0.11,0.08,0.79,
-0.03,0.11,0.06,1.05,
-0.03,0.11,0.03,1.33,
-0.03,0.11,0.00,1.61,
-0.03,0.11,-0.03,1.89,
-0.03,0.11,-0.06,2.16,
-0.03,0.11,-0.09,2.41,
-0.03,0.11,-0.13,2.63,
-0.03,0.11,-0.16,2.84,
-0.03,0.11,-0.20,3.04,
-0.03,0.11,-0.24,3.21,
-0.03,0.11,-0.28,3.37,
-0.03,0.11,-0.32,3.52,
-0.03,0.11,-0.36,3.65,
-0.03,0.11,-0.40,3.77,
-0.03,0.10,-0.44,3.88,
-0.03,0.10,-0.49,3.98,
-0.03,0.10,-0.53,4.07,
-0.03,0.10,-0.58,4.15,
-0.03,0.09,-0.62,4.23,
-0.03,0.09,-0.67,4.29,
-0.03,0.09,-0.72,4.35,
-0.03,0.09,-0.76,4.41,
-0.03,0.08,-0.81,4.46,
-0.03,0.08,-0.86,4.51,
-0.03,0.08,-0.91,4.55,
-0.03,0.07,-0.96,4.58,
-0.03,0.07,-1.00,4.62,
-0.03,0.06,-1.05,4.65,
-0.03,0.06,-1.10,4.68,
-0.03,0.06,-1.15,4.70,
-0.03,0.05,-1.19,4.72,
-0.02,0.05,-1.23,4.74,
-0.02,0.04,-1.28,4.76,
-0.02,0.04,-1.32,4.78,
-0.02,0.03,-1.36,4.79,
-0.02,0.03,-1.40,4.81,
-0.02,0.03,-1.43,4.82,
-0.02,0.02,-1.47,4.83,
-0.02,0.02,-1.50,4.84,
-0.02,0.01,-1.53,4.85,
-0.02,0.01,-1.56,4.86,
-0.02,0.00,-1.58,4.86,
-0.02,0.00,-1.60,4.87,
-0.02,-0.00,-1.62,4.87,
-0.02,-0.01,-1.64,4.88,
-0.02,-0.01,-1.65,4.88,
-0.02,-0.02,-1.66,4.88,
-0.02,-0.02,-1.67,4.89,
-0.02,-0.02,-1.68,4.89,
-0.02,-0.03,-1.68,4.89,
-0.02,-0.03,-1.68,4.89,
-0.02,-0.03,-1.67,4.90,
-0.02,-0.04,-1.66,4.90,
-0.02,-0.04,-1.65,4.90,
-0.02,-0.04,-1.64,4.90,
-0.02,-0.05,-1.62,4.90,
-0.02,-0.05,-1.60,4.90,
-0.02,-0.05,-1.57,4.90,
-0.02,-0.05,-1.54,4.90,
-0.02,-0.06,-1.51,4.90,
-0.02,-0.06,-1.48,4.90,
-0.02,-0.06,-1.44,4.90,
-0.02,-0.06,-1.40,4.90,
-0.02,-0.06,-1.35,4.90,
-0.02,-0.07,-1.30,4.89,
-0.02,-0.07,-1.25,4.89,
-0.02,-0.07,-1.19,4.89,
-0.02,-0.07,-1.13,4.89,
-0.02,-0.07,-1.07,4.89,
-0.02,-0.07,-1.00,4.89,
-0.02,-0.07,-0.93,4.89,
-0.02,-0.07,-0.85,4.89,
-0.02,-0.07,-0.77,4.89,
-0.02,-0.07,-0.69,4.88,
-0.02,-0.07,-0.60,4.88,
-0.02,-0.07,-0.50,4.88,
-0.02,-0.07,-0.41,4.88,
-0.02,-0.07,-0.30,4.88,
-0.01,-0.07,-0.19,4.88,
-0.01,-0.07,-0.08,4.87,
-0.01,-0.07,0.04,4.87,
-0.01,-0.06,0.16,4.87,
-0.01,-0.06,0.29,4.87,
-0.01,-0.06,0.42,4.87,
-0.01,-0.06,0.56,4.87,
-0.01,-0.06,0.70,4.87,
-0.01,-0.06,0.85,4.86,
-0.01,-0.05,1.00,4.86,
-0.01,-0.05,1.15,4.86,
-0.01,-0.05,1.31,4.86,
-0.01,-0.05,1.46,4.86,
-0.01,-0.05,1.62,4.86,
-0.01,-0.04,1.78,4.85,
-0.01,-0.04,1.93,4.85,
-0.01,-0.04,2.08,4.85,
-0.01,-0.04,2.22,4.85,
-0.01,-0.03,2.37,4.85,
-0.01,-0.03,2.50,4.85,
-0.01,-0.03,2.63,4.85,
-0.01,-0.02,2.75,4.84,
-0.01,-0.02,2.86,4.84,
-0.01,-0.02,2.96,4.84,
-0.01,-0.02,3.06,4.84,
-0.01,-0.01,3.15,4.84,
-0.01,-0.01,3.22,4.84,
-0.01,-0.01,3.29,4.83,
-0.01,-0.01,3.35,4.83,
-0.01,-0.00,3.40,4.83,
-0.01,-0.00,3.44,4.83,
-0.01,0.00,3.47,4.83,
-0.01,0.00,3.50,4.83,
-0.01,0.01,3.51,4.83,
-0.01,0.01,3.52,4.82,
-0.01,0.01,3.52,4.82,
-0.01,0.01,3.52,4.82,
-0.01,0.02,3.51,4.82,
-0.01,0.02,3.49,4.82,
-0.01,0.02,3.46,4.82,
-0.01,0.02,3.43,4.82,
-0.01,0.02,3.39,4.81,
-0.01,0.03,3.35,4.81,
-0.01,0.03,3.31,4.81,
-0.01,0.03,3.26,4.81,
-0.01,0.03,3.20,4.81,
-0.01,0.03,3.14,4.81,
-0.01,0.03,3.08,4.81,
-0.01,0.04,3.01,4.80,
-0.01,0.04,2.94,4.80,
-0.01,0.04,2.86,4.80,
-0.01,0.04,2.78,4.80,
-0.01,0.04,2.70,4.80,
-0.01,0.04,2.61,4.80,
-0.01,0.04,2.52,4.80,
-0.01,0.04,2.43,4.80,
-0.01,0.04,2.33,4.79,
-0.01,0.04,2.23,4.79,
-0.01,0.04,2.13,4.79,
-0.01,0.04,2.02,4.79,
-0.01,0.04,1.91,4.79,
-0.01,0.04,1.79,4.79,
-0.01,0.04,1.67,4.79,
-0.01,0.04,1.54,4.78,
-0.01,0.04,1.41,4.78,
-0.01,0.04,1.28,4.78,
-0.01,0.04,1.14,4.78,
-0.01,0.04,0.99,4.78,
-0.01,0.04,0.84,4.78,
-0.01,0.04,0.67,4.78,
-0.01,0.04,0.51,4.78,
-0.01,0.04,0.33,4.77,
-0.01,0.04,0.15,4.77,
-0.01,0.04,-0.05,4.77,
-0.01,0.04,-0.25,4.77,
-0.01,0.03,-0.45,4.77,
-0.01,0.03,-0.67,4.77,
-0.01,0.03,-0.89,4.77,
-0.01,0.03,-1.12,4.77,
-0.01,0.03,-1.36,4.77,
-0.01,0.03,-1.59,4.76,
-0.01,0.03,-1.83,4.76,
-0.01,0.02,-2.06,4.76,
-0.01,0.02,-2.29,4.76,
-0.01,0.02,-2.52,4.76,
-0.01,0.02,-2.73,4.76,
-0.01,0.02,-2.94,4.76,
-0.01,0.02,-3.13,4.76,
-0.01,0.01,-3.31,4.76,
-0.01,0.01,-3.48,4.75,
-0.01,0.01,-3.64,4.75,
-0.01,0.01,-3.78,4.75,
-0.01,0.01,-3.90,4.75,
-0.01,0.01,-4.01,4.75,
-0.01,0.00,-4.11,4.75,
-0.01,0.00,-4.19,4.75,
-0.01,0.00,-4.26,4.75,
-0.01,-0.00,-4.32,4.75,
-0.01,-0.00,-4.36,4.74,
-0.01,-0.00,-4.40,4.74,
-0.01,-0.01,-4.42,4.74,
-0.00,-0.01,-4.43,4.74,
-0.00,-0.01,-4.43,4.74,
-0.00,-0.01,-4.43,4.74,
-0.00,-0.01,-4.41,4.74,
-0.00,-0.01,-4.39,4.74,
-0.00,-0.01,-4.36,4.74,
-0.00,-0.02,-4.32,4.74,
-0.00,-0.02,-4.27,4.73,
-0.00,-0.02,-4.22,4.73,
-0.00,-0.02,-4.17,4.73,
-0.00,-0.02,-4.11,4.73,
-0.00,-0.02,-4.04,4.73,
-0.00,-0.02,-3.97,4.73,
-0.00,-0.02,-3.90,4.73,
-0.00,-0.02,-3.82,4.73,
-0.00,-0.02,-3.74,4.73,
-0.00,-0.02,-3.66,4.73,
-0.00,-0.03,-3.57,4.72,
-0.00,-0.03,-3.48,4.72,
-0.00,-0.03,-3.38,4.72,
-0.00,-0.03,-3.28,4.72,
-0.00,-0.03,-3.18,4.72,
-0.00,-0.03,-3.08,4.72,
-0.00,-0.03,-2.98,4.72,
-0.00,-0.03,-2.87,4.72,
-0.00,-0.03,-2.76,4.72,
-0.00,-0.03,-2.64,4.72,
-0.00,-0.03,-2.53,4.72,
-0.00,-0.03,-2.41,4.71,
-0.00,-0.03,-2.28,4.71,
-0.00,-0.03,-2.16,4.71,
-0.00,-0.03,-2.03,4.71,
-0.00,-0.03,-1.89,4.71,
-0.00,-0.03,-1.75,4.71,
-0.00,-0.03,-1.61,4.71,
-0.00,-0.02,-1.46,4.71,
-0.00,-0.02,-1.31,4.71,
-0.00,-0.02,-1.15,4.71,
-0.00,-0.02,-0.98,4.71,
-0.00,-0.02,-0.81,4.70,
-0.00,-0.02,-0.62,4.70,
-0.00,-0.02,-0.43,4.70,
-0.00,-0.02,-0.24,4.70,
-0.00,-0.02,-0.03,4.70,
-0.00,-0.02,0.19,4.70,
-0.00,-0.02,0.41,4.70,
-0.00,-0.02,0.65,4.70,
-0.00,-0.02,0.89,4.70,
-0.00,-0.01,1.14,4.70,
-0.00,-0.01,1.39,4.70,
-0.00,-0.01,1.64,4.70,
-0.00,-0.01,1.90,4.70,
-0.00,-0.01,2.15,4.69,
-0.00,-0.01,2.40,4.69,
-0.00,-0.01,2.64,4.69,
-0.00,-0.01,2.87,4.69,
-0.00,-0.01,3.09,4.69,
-0.00,-0.00,3.30,4.69,
-0.00,-0.00,3.49,4.69,
-0.00,-0.00,3.67,4.69,
-0.00,-0.00,3.83,4.69,
-0.00,-0.00,3.97,4.69,
-0.00,0.00,4.10,4.69,
-0.00,0.00,4.22,4.69,
-0.00,0.00,4.31,4.69,
-0.00,0.00,4.40,4.68,
-0.00,0.00,4.47,4.68,
-0.00,0.01,4.52,4.68,
-0.00,0.01,4.57,4.68,
-0.00,0.01,4.60,4.68,
-0.00,0.01,4.62,4.68,
-0.00,0.01,4.63,4.68,
-0.00,0.01,4.63,4.68,
-0.00,0.01,4.62,4.68,
-0.00,0.01,4.60,4.68,
-0.00,0.01,4.57,4.68,
-0.00,0.01,4.54,4.68,
-0.00,0.01,4.50,4.68,
-0.00,0.01,4.45,4.68,
-0.00,0.01,4.40,4.67,
-0.00,0.01,4.34,4.67,
-0.00,0.01,4.27,4.67,
-0.00,0.02,4.20,4.67,
-0.00,0.02,4.13,4.67,
-0.00,0.02,4.05,4.67,
-0.00,0.02,3.97,4.67,
-0.00,0.02,3.89,4.67,
-0.00,0.02,3.80,4.67,
-0.00,0.02,3.71,4.67,
-0.00,0.02,3.61,4.67,
-0.00,0.02,3.52,4.67,
-0.00,0.02,3.42,4.67,
-0.00,0.02,3.32,4.67,
-0.00,0.02,3.21,4.67,
-0.00,0.02,3.10,4.66,
-0.00,0.02,2.99,4.66,
-0.00,0.02,2.88,4.66,
-0.00,0.02,2.76,4.66,
-0.00,0.02,2.65,4.66,
-0.00,0.02,2.53,4.66,
-0.00,0.02,2.40,4.66,
-0.00,0.02,2.27,4.66,
-0.00,0.02,2.14,4.66,
-0.00,0.01,2.01,4.66,
-0.00,0.01,1.87,4.66,
-0.00,0.01,1.73,4.66,
-0.00,0.01,1.58,4.66,
-0.00,0.01,1.43,4.66,
-0.00,0.01,1.27,4.66,
-0.00,0.01,1.10,4.66,
-0.00,0.01,0.93,4.65,
-0.00,0.01,0.75,4.65,
-0.00,0.01,0.57,4.65,
-0.00,0.01,0.37,4.65,
-0.00,0.01,0.17,4.65,
-0.00,0.01,-0.05,4.65,
-0.00,0.01,-0.27,4.65,
-0.00,0.01,-0.50,4.65,
-0.00,0.01,-0.74,4.65,
-0.00,0.01,-0.99,4.65,
-0.00,0.01,-1.24,4.65,
-0.00,0.00,-1.50,4.65,
-0.00,0.00,-1.76,4.65,
-0.00,0.00,-2.02,4.65,
-0.00,0.00,-2.27,4.65,
-0.00,0.00,-2.52,4.65,
-0.00,0.00,-2.76,4.65,
-0.00,0.00,-2.99,4.65,
-0.00,-0.00,-3.20,4.64,
-0.00,-0.00,-3.41,4.64,
-0.00,-0.00,-3.59,4.64,
-0.00,-0.00,-3.76,4.64,
-0.00,-0.00,-3.92,4.64,
-0.00,-0.00,-4.06,4.64,
-0.00,-0.00,-4.18,4.64,
-0.00,-0.00,-4.29,4.64,
-0.00,-0.00,-4.38,4.64,
-0.00,-0.01,-4.46,4.64,
-0.00,-0.01,-4.53,4.64,
-0.00,-0.01,-4.58,4.64,
-0.00,-0.01,-4.61,4.64,
-0.00,-0.01,-4.64,4.64,
-0.00,-0.01,-4.66,4.64,
-0.00,-0.01,-4.66,4.64,
-0.00,-0.01,-4.66,4.64,
-0.00,-0.01,-4.64,4.64,
-0.00,-0.01,-4.62,4.64,
-0.00,-0.01,-4.59,4.64,
-0.00,-0.01,-4.55,4.63,
-0.00,-0.01,-4.51,4.63,
-0.00,-0.01,-4.46,4.63,
-0.00,-0.01,-4.40,4.63,
-0.00,-0.01,-4.34,4.63,
-0.00,-0.01,-4.27,4.63,
-0.00,-0.01,-4.20,4.63,
-0.00,-0.01,-4.12,4.63,
-0.00,-0.01,-4.05,4.63,
-0.00,-0.01,-3.96,4.63,
-0.00,-0.01,-3.88,4.63,
-0.00,-0.01,-3.79,4.63,
-0.00,-0.01,-3.69,4.63,
-0.00,-0.01,-3.60,4.63,
-0.00,-0.01,-3.50,4.63,
-0.00,-0.01,-3.40,4.63,
-0.00,-0.01,-3.29,4.63,
-0.00,-0.01,-3.19,4.63,
-0.00,-0.01,-3.08,4.63,
-0.00,-0.01,-2.97,4.63,
-0.00,-0.01,-2.85,4.63,
-0.00,-0.01,-2.74,4.63,
-0.00,-0.01,-2.62,4.63,
-0.00,-0.01,-2.49,4.62,
-0.00,-0.01,-2.37,4.62,
-0.00,-0.01,-2.24,4.62,
-0.00,-0.01,-2.11,4.62,
-0.00,-0.01,-1.97,4.62,
-0.00,-0.01,-1.83,4.62,
-0.00,-0.01,-1.69,4.62,
-0.00,-0.01,-1.54,4.62,
-0.00,-0.01,-1.38,4.62,
-0.00,-0.01,-1.22,4.62,
-0.00,-0.01,-1.05,4.62,
-0.00,-0.00,-0.88,4.62,
-0.00,-0.00,-0.70,4.62,
-0.00,-0.00,-0.51,4.62,
-0.00,-0.00,-0.31,4.62,
-0.00,-0.00,-0.10,4.62,
-0.00,-0.00,0.11,4.62,
-0.00,-0.00,0.34,4.62,
-0.00,-0.00,0.58,4.62,
-0.00,-0.00,0.82,4.62,
-0.00,-0.00,1.07,4.62,
-0.00,-0.00,1.32,4.62,
-0.00,-0.00,1.58,4.62,
-0.00,-0.00,1.84,4.62,
-0.00,0.00,2.10,4.62,
-0.00,0.00,2.35,4.61,
-0.00,0.00,2.60,4.61,
-0.00,0.00,2.83,4.61,
-0.00,0.00,3.06,4.61,
-0.00,0.00,3.27,4.61,
-0.00,0.00,3.47,4.61,
-0.00,0.00,3.65,4.61,
-0.00,0.00,3.82,4.61,
-0.00,0.00,3.97,4.61,
-0.00,0.00,4.10,4.61,
-0.00,0.00,4.22,4.61,
-0.00,0.00,4.33,4.61,
-0.00,0.00,4.41,4.61,
-0.00,0.00,4.49,4.61,
-0.00,0.01,4.55,4.61,
-0.00,0.01,4.59,4.61,
-0.00,0.01,4.63,4.61,
-0.00,0.01,4.65,4.61,
-0.00,0.01,4.66,4.61,
-0.00,0.01,4.67,4.61,
-0.00,0.01,4.66,4.61,
-0.00,0.01,4.64,4.61,
-0.00,0.01,4.62,4.61,
-0.00,0.01,4.58,4.61,
-0.00,0.01,4.54,4.61,
-0.00,0.01,4.50,4.61,
-0.00,0.01,4.44,4.61,
-0.00,0.01,4.39,4.61,
-0.00,0.01,4.32,4.61,
-0.00,0.01,4.25,4.60,
-0.00,0.01,4.18,4.60,
-0.00,0.01,4.10,4.60,
-0.00,0.01,4.02,4.60,
-0.00,0.01,3.94,4.60,
-0.00,0.01,3.85,4.60,
-0.00,0.01,3.76,4.60,
-0.00,0.01,3.67,4.60,
-0.00,0.01,3.57,4.60,
-0.00,0.01,3.47,4.60,
-0.00,0.01,3.37,4.60,
-0.00,0.01,3.26,4.60,
-0.00,0.01,3.16,4.60,
-0.00,0.01,3.05,4.60,
-0.00,0.01,2.93,4.60,
-0.00,0.00,2.82,4.60,
-0.00,0.00,2.70,4.60,
-0.00,0.00,2.58,4.60,
-0.00,0.00,2.46,4.60,
-0.00,0.00,2.33,4.60,
-0.00,0.00,2.20,4.60,
-0.00,0.00,2.07,4.60,
-0.00,0.00,1.93,4.60,
-0.00,0.00,1.79,4.60,
-0.00,0.00,1.64,4.60,
-0.00,0.00,1.49,4.60,
-0.00,0.00,1.34,4.60,
-0.00,0.00,1.17,4.60,
-0.00,0.00,1.00,4.60,
-0.00,0.00,0.83,4.60,
-0.00,0.00,0.64,4.60,
-0.00,0.00,0.45,4.60,
-0.00,0.00,0.25,4.60,
-0.00,0.00,0.04,4.60,
-0.00,0.00,-0.18,4.59,
-0.00,0.00,-0.41,4.59,
-0.00,-0.00,-0.65,4.59,
-0.00,-0.00,-0.89,4.59,
-0.00,-0.00,-1.14,4.59,
-0.00,-0.00,-1.40,4.59,
-0.00,-0.00,-1.66,4.59,
-0.00,-0.00,-1.92,4.59,
-0.00,-0.00,-2.18,4.59,
-0.00,-0.00,-2.43,4.59,
-0.00,-0.00,-2.67,4.59,
-0.00,-0.00,-2.90,4.59,
-0.00,-0.00,-3.13,4.59,
-0.00,-0.00,-3.33,4.59,
-0.00,-0.00,-3.53,4.59,
-0.00,-0.00,-3.70,4.59,
-0.00,-0.00,-3.87,4.59,
-0.00,-0.00,-4.01,4.59,
-0.00,-0.00,-4.14,4.59,
-0.00,-0.00,-4.26,4.59,
-0.00,-0.00,-4.35,4.59,
-0.00,-0.00,-4.44,4.59,
-0.00,-0.00,-4.51,4.59,
-0.00,-0.00,-4.56,4.59,
-0.00,-0.00,-4.61,4.59,
-0.00,-0.00,-4.64,4.59,
-0.00,-0.00,-4.66,4.59,
-0.00,-0.00,-4.67,4.59,
-0.00,-0.00,-4.67,4.59,
-0.00,-0.00,-4.65,4.59,
-0.00,-0.00,-4.64,4.59,
-0.00,-0.00,-4.61,4.59,
-0.00,-0.00,-4.57,4.59,
-0.00,-0.00,-4.53,4.59,
-0.00,-0.00,-4.48,4.59,
-0.00,-0.00,-4.43,4.59,
-0.00,-0.00,-4.37,4.59,
-0.00,-0.00,-4.30,4.59,
-0.00,-0.00,-4.23,4.59,
-0.00,-0.00,-4.16,4.59,
-0.00,-0.00,-4.08,4.59,
-0.00,-0.00,-4.00,4.59,
-0.00,-0.00,-3.91,4.58,
-0.00,-0.00,-3.82,4.58,
-0.00,-0.00,-3.73,4.58,
-0.00,-0.00,-3.64,4.58,
-0.00,-0.00,-3.54,4.58,
-0.00,-0.00,-3.44,4.58,
-0.00,-0.00,-3.34,4.58,
-0.00,-0.00,-3.23,4.58,
-0.00,-0.00,-3.12,4.58,
-0.00,-0.00,-3.01,4.58,
-0.00,-0.00,-2.90,4.58,
-0.00,-0.00,-2.78,4.58,
-0.00,-0.00,-2.67,4.58,
-0.00,-0.00,-2.55,4.58,
-0.00,-0.00,-2.42,4.58,
-0.00,-0.00,-2.29,4.58,
-0.00,-0.00,-2.16,4.58,
-0.00,-0.00,-2.03,4.58,
-0.00,-0.00,-1.89,4.58,
-0.00,-0.00,-1.75,4.58,
-0.00,-0.00,-1.60,4.58,
-0.00,-0.00,-1.45,4.58,
-0.00,-0.00,-1.29,4.58,
-0.00,-0.00,-1.12,4.58,
-0.00,-0.00,-0.95,4.58,
-0.00,-0.00,-0.77,4.58,
-0.00,0.00,-0.59,4.58,
-0.00,0.00,-0.39,4.58,
-0.00,0.00,-0.19,4.58,
-0.00,0.00,0.03,4.58,
-0.00,0.00,0.25,4.58,
-0.00,0.00,0.48,4.58,
-0.00,0.00,0.72,4.58,
-0.00,0.00,0.97,4.58,
-0.00,0.00,1.22,4.58,
-0.00,0.00,1.48,4.58,
-0.00,0.00,1.74,4.58,
-0.00,0.00,2.00,4.58,
-0.00,0.00,2.25,4.58,
-0.00,0.00,2.50,4.58,
-0.00,0.00,2.74,4.58,
-0.00,0.00,2.97,4.58,
-0.00,0.00,3.19,4.58,
-0.00,0.00,3.39,4.58,
-0.00,0.00,3.58,4.58,
-0.00,0.00,3.75,4.58,
-0.00,0.00,3.91,4.58,
-0.00,0.00,4.05,4.58,
-0.00,0.00,4.18,4.58,
-0.00,0.00,4.29,4.58,
-0.00,0.00,4.38,4.58,
-0.00,0.00,4.46,4.58,
-0.00,0.00,4.53,4.58,
-0.00,0.00,4.58,4.58,
-0.00,0.00,4.62,4.57,
-0.00,0.00,4.65,4.57,
-0.00,0.00,4.66,4.57,
-0.00,0.00,4.67,4.57,
-0.00,0.00,4.66,4.57,
-0.00,0.00,4.65,4.57,
-0.00,0.00,4.63,4.57,
-0.00,0.00,4.60,4.57,
-0.00,0.00,4.56,4.57,
-0.00,0.00,4.52,4.57,
-0.00,0.00,4.47,4.57,
-0.00,0.00,4.41,4.57,
-0.00,0.00,4.35,4.57,
-0.00,0.00,4.28,4.57,
-0.00,0.00,4.21,4.57,
-0.00,0.00,4.14,4.57,
-0.00,0.00,4.06,4.57,
-0.00,0.00,3.97,4.57,
-0.00,0.00,3.89,4.57,
-0.00,0.00,3.80,4.57,
-0.00,0.00,3.70,4.57,
-0.00,0.00,3.61,4.57,
-0.00,0.00,3.51,4.57,
-0.00,0.00,3.41,4.57,
-0.00,0.00,3.31,4.57,
-0.00,0.00,3.20,4.57,
-0.00,0.00,3.09,4.57,
-0.00,0.00,2.98,4.57,
-0.00,0.00,2.87,4.57,
-0.00,0.00,2.75,4.57,
-0.00,0.00,2.63,4.57,
-0.00,0.00,2.51,4.57,
-0.00,0.00,2.38,4.57,
-0.00,0.00,2.26,4.57,
-0.00,0.00,2.12,4.57,
-0.00,0.00,1.99,4.57,
-0.00,0.00,1.85,4.57,
-0.00,0.00,1.70,4.57,
-0.00,-0.00,1.55,4.57,
-0.00,-0.00,1.40,4.57,
-0.00,-0.00,1.24,4.57,
-0.00,-0.00,1.07,4.57,
-0.00,-0.00,0.90,4.57,
-0.00,-0.00,0.72,4.57,
-0.00,-0.00,0.53,4.57,
-0.00,-0.00,0.33,4.57,
-0.00,-0.00,0.12,4.57,
-0.00,-0.00,-0.09,4.57,
-0.00,-0.00,-0.32,4.57,
-0.00,-0.00,-0.55,4.57,
-0.00,-0.00,-0.79,4.57,
-0.00,-0.00,-1.04,4.57,
-0.00,-0.00,-1.30,4.57,
-0.00,-0.00,-1.55,4.57,
-0.00,-0.00,-1.81,4.57,
-0.00,-0.00,-2.07,4.57,
-0.00,-0.00,-2.33,4.57,
-0.00,-0.00,-2.57,4.57,
-0.00,-0.00,-2.81,4.57,
-0.00,-0.00,-3.04,4.57,
-0.00,-0.00,-3.25,4.57,
-0.00,-0.00,-3.45,4.57,
-0.00,-0.00,-3.63,4.57,
-0.00,-0.00,-3.80,4.57,
-0.00,-0.00,-3.95,4.57,
-0.00,-0.00,-4.09,4.57,
-0.00,-0.00,-4.21,4.57,
-0.00,-0.00,-4.32,4.57,
-0.00,-0.00,-4.41,4.57,
-0.00,-0.00,-4.48,4.57,
-0.00,-0.00,-4.54,4.57,
-0.00,-0.00,-4.59,4.57,
-0.00,-0.00,-4.63,4.57,
-0.00,-0.00,-4.65,4.57,
-0.00,-0.00,-4.66,4.57,
-0.00,-0.00,-4.67,4.57,
-0.00,-0.00,-4.66,4.56,
-0.00,-0.00,-4.64,4.56,
-0.00,-0.00,-4.62,4.56,
-0.00,-0.00,-4.59,4.56,
-0.00,-0.00,-4.55,4.56,
-0.00,-0.00,-4.50,4.56,
-0.00,-0.00,-4.45,4.56,
-0.00,-0.00,-4.39,4.56,
-0.00,-0.00,-4.33,4.56,
-0.00,-0.00,-4.26,4.56,
-0.00,-0.00,-4.19,4.56,
-0.00,-0.00,-4.11,4.56,
-0.00,-0.00,-4.03,4.56,
-0.00,-0.00,-3.95,4.56,
-0.00,-0.00,-3.86,4.56,
-0.00,-0.00,-3.77,4.56,
-0.00,-0.00,-3.68,4.56,
-0.00,-0.00,-3.58,4.56,
-0.00,-0.00,-3.48,4.56,
-0.00,-0.00,-3.38,4.56,
-0.00,-0.00,-3.27,4.56,
-0.00,-0.00,-3.17,4.56,
-0.00,-0.00,-3.06,4.56,
-0.00,-0.00,-2.95,4.56,
-0.00,-0.00,-2.83,4.56,
-0.00,-0.00,-2.71,4.56,
-0.00,-0.00,-2.59,4.56,
-0.00,-0.00,-2.47,4.56,
-0.00,0.00,-2.35,4.56,
-0.00,0.00,-2.22,4.56,
-0.00,0.00,-2.08,4.56,
-0.00,0.00,-1.95,4.56,
-0.00,0.00,-1.81,4.56,
-0.00,0.00,-1.66,4.56,
-0.00,0.00,-1.51,4.56,
-0.00,0.00,-1.35,4.56,
-0.00,0.00,-1.19,4.56,
-0.00,0.00,-1.02,4.56,
-0.00,0.00,-0.85,4.56,
-0.00,0.00,-0.66,4.56,
-0.00,0.00,-0.47,4.56,
-0.00,0.00,-0.27,4.56,
-0.00,0.00,-0.06,4.56,
-0.00,0.00,0.16,4.56,
-0.00,0.00,0.38,4.56,
-0.00,0.00,0.62,4.56,
-0.00,0.00,0.87,4.56,
-0.00,0.00,1.12,4.56,
-0.00,0.00,1.37,4.56,
-0.00,0.00,1.63,4.56,
-0.00,0.00,1.89,4.56,
-0.00,0.00,2.15,4.56,
-0.00,0.00,2.40,4.56,
-0.00,0.00,2.64,4.56,
-0.00,0.00,2.88,4.56,
-0.00,0.00,3.10,4.56,
-0.00,0.00,3.31,4.56,
-0.00,0.00,3.51,4.56,
-0.00,0.00,3.69,4.56,
-0.00,0.00,3.85,4.56,
-0.00,0.00,4.00,4.56,
-0.00,0.00,4.13,4.56,
-0.00,0.00,4.24,4.56,
-0.00,0.00,4.34,4.56,
-0.00,0.00,4.43,4.56,
-0.00,0.00,4.50,4.56,
-0.00,0.00,4.56,4.56,
-0.00,0.00,4.60,4.56,
-0.00,0.00,4.64,4.56,
-0.00,0.00,4.66,4.56,
-0.00,0.00,4.67,4.56,
-0.00,0.00,4.67,4.56,
-0.00,0.00,4.66,4.56,
-0.00,0.00,4.64,4.56,
-0.00,0.00,4.61,4.56,
-0.00,0.00,4.58,4.56,
-0.00,0.00,4.54,4.56,
-0.00,0.00,4.49,4.56,
-0.00,0.00,4.43,4.56,
-0.00,0.00,4.37,4.56,
-0.00,0.00,4.31,4.56,
-0.00,0.00,4.24,4.56,
-0.00,0.00,4.17,4.56,
-0.00,0.00,4.09,4.56,
-0.00,0.00,4.01,4.56,
-0.00,0.00,3.92,4.56,
-0.00,0.00,3.83,4.56,
-0.00,0.00,3.74,4.56,
-0.00,0.00,3.65,4.56,
-0.00,0.00,3.55,4.56,
-0.00,0.00,3.45,4.56,
-0.00,0.00,3.35,4.56,
-0.00,0.00,3.24,4.56,
-0.00,0.00,3.14,4.56,
-0.00,0.00,3.03,4.56,
-0.00,-0.00,2.91,4.56,
-0.00,-0.00,2.80,4.56,
-0.00,-0.00,2.68,4.56,
-0.00,-0.00,2.56,4.56,
-0.00,-0.00,2.43,4.56,
-0.00,-0.00,2.31,4.56,
-0.00,-0.00,2.18,4.56,
-0.00,-0.00,2.04,4.56,
-0.00,-0.00,1.91,4.56,
-0.00,-0.00,1.76,4.56,
-0.00,-0.00,1.62,4.56,
-0.00,-0.00,1.46,4.56,
-0.00,-0.00,1.31,4.56,
-0.00,-0.00,1.14,4.56,
-0.00,-0.00,0.97,4.56,
-0.00,-0.00,0.79,4.56,
-0.00,-0.00,0.61,4.56,
-0.00,-0.00,0.41,4.56,
-0.00,-0.00,0.21,4.56,
-0.00,-0.00,-0.00,4.56,
-0.00,-0.00,-0.22,4.56,
-0.00,-0.00,-0.45,4.56,
-0.00,-0.00,-0.69,4.56,
-0.00,-0.00,-0.94,4.56,
-0.00,-0.00,-1.19,4.56,
-0.00,-0.00,-1.45,4.56,
-0.00,-0.00,-1.71,4.56,
-0.00,-0.00,-1.97,4.56,
-0.00,-0.00,-2.22,4.56,
-0.00,-0.00,-2.47,4.56,
-0.00,-0.00,-2.72,4.56,
-0.00,-0.00,-2.95,4.55,
-0.00,-0.00,-3.17,4.55,
-0.00,-0.00,-3.37,4.55,
-0.00,-0.00,-3.56,4.55,
-0.00,-0.00,-3.74,4.55,
-0.00,-0.00,-3.90,4.55,
-0.00,-0.00,-4.04,4.55,
-0.00,-0.00,-4.16,4.55,
-0.00,-0.00,-4.28,4.55,
-0.00,-0.00,-4.37,4.55,
-0.00,-0.00,-4.45,4.55,
-0.00,-0.00,-4.52,4.55,
-0.00,-0.00,-4.57,4.55,
-0.00,-0.00,-4.61,4.55,
-0.00,-0.00,-4.64,4.55,
-0.00,-0.00,-4.66,4.55,
-0.00,-0.00,-4.67,4.55,
-0.00,-0.00,-4.66,4.55,
-0.00,-0.00,-4.65,4.55,
-0.00,-0.00,-4.63,4.55,
-0.00,-0.00,-4.60,4.55,
-0.00,-0.00,-4.57,4.55,
-0.00,-0.00,-4.52,4.55,
-0.00,-0.00,-4.47,4.55,
-0.00,-0.00,-4.42,4.55,
-0.00,-0.00,-4.36,4.55,
-0.00,-0.00,-4.29,4.55,
-0.00,-0.00,-4.22,4.55,
-0.00,-0.00,-4.14,4.55,
-0.00,-0.00,-4.07,4.55,
-0.00,-0.00,-3.98,4.55,
-0.00,-0.00,-3.90,4.55,
-0.00,-0.00,-3.81,4.55,
-0.00,-0.00,-3.72,4.55,
-0.00,-0.00,-3.62,4.55,
-0.00,0.00,-3.52,4.55,
-0.00,0.00,-3.42,4.55,
-0.00,0.00,-3.32,4.55,
-0.00,0.00,-3.21,4.55,
-0.00,0.00,-3.10,4.55,
-0.00,0.00,-2.99,4.55,
-0.00,0.00,-2.88,4.55,
-0.00,0.00,-2.76,4.55,
-0.00,0.00,-2.64,4.55,
-0.00,0.00,-2.52,4.55,
-0.00,0.00,-2.40,4.55,
-0.00,0.00,-2.27,4.55,
-0.00,0.00,-2.14,4.55,
-0.00,0.00,-2.00,4.55,
-0.00,0.00,-1.86,4.55,